-4.701308733225322963e-24
7.418654763212926949e-25
-1.067073399697794105e-24
-2.052517276576570215e-23
3.469479414265503577e-24
-1.346565095290118590e-23
1.978966324596361963e-24
-1.573853858906942728e-23
-7.955043617180827861e-24
6.582483418830788265e-24
1.664557985231534463e-25
1.555646567719673550e-23
-2.149911356307846816e-23
-3.645686111341535795e-23
-6.433297242682322458e-24
7.408265353981836919e-24
-1.818270499419923688e-23
-1.302680671524069151e-24
-3.825585772063531253e-23
2.257097351485332723e-23
-1.882309435798047027e-23
-3.016096390678510283e-24
-2.431250613363724513e-23
-1.506026071771056052e-23
7.661525875174814768e-24
-8.236291650123580855e-25
-1.038388618477400710e-24
5.764071093048654993e-24
-1.333402686514575306e-23
4.035956256639608373e-24
1.184981501373169766e-24
2.298513699675627403e-23
-6.848834937147925780e-24
1.124007944208743691e-23
-6.199520324243987649e-24
2.883221320083079438e-23
-2.807717837945102769e-24
9.633872969517808720e-24
-2.059843931857928672e-24
2.169065354268959637e-23
1.812101563654415082e-23
-6.053302388683684388e-24
-1.425420587598875030e-23
-5.437942843928830778e-24
3.218772659847914592e-24
-4.200427629202253852e-24
1.299313522029189140e-23
-5.637985800168288092e-24
8.065923118136814228e-24
2.155448224044274159e-24
2.005057784259235358e-23
-3.486131038890696844e-24
-7.870138042479595207e-24
5.629334814540915839e-24
6.491354410161549611e-24
1.416680246592827765e-23
4.020081857133150683e-24
-9.106410645919965691e-24
5.097724933178150004e-24
-3.448310819096819934e-25
3.725435183429772398e-24
3.838023862113039974e-23
-1.334056952789104974e-23
-2.717882409743865627e-24
-1.497437181045542346e-23
9.908603482520257702e-24
2.454808649374630448e-24
-6.795879952404056573e-24
-3.107318843565128376e-23
-1.678328753921279295e-23
-2.375872652354142237e-23
-2.890219959090773225e-24
-2.417598121847506051e-24
-4.485287159137968776e-24
1.469286355288287203e-23
-3.203616329809674885e-24
-1.491714364776591641e-23
1.058534061327066146e-23
1.589082922021184872e-24
2.051125698561159795e-23
-1.459712836376229685e-23
5.848175405900243822e-25
2.456397553403717404e-23
5.413460005953155122e-24
-1.109154411932176174e-23
7.384648489383977267e-24
-3.486229240213810110e-24
-5.296540552843462160e-24
9.726597430456441306e-24
1.586699512236739265e-23
6.443647541735777189e-25
6.153473406295313011e-24
2.280749654811516643e-24
-5.796043977182001301e-24
-1.792382745604889906e-24
9.040835042123032811e-24
5.842703418882234823e-24
2.975893184488145657e-23
-2.060861033878064390e-23
-8.428104811011217976e-24
6.026047290552648025e-24
4.247332970326713023e-24
-6.327354990037809270e-24
-7.693662155628442398e-24
-8.685107247059545474e-24
-2.303004075552080372e-23
1.332252517153685577e-23
-6.358386709837394243e-25
2.716608876877831498e-23
1.771360902055880006e-23
-8.885921499862239724e-24
8.023517647271876223e-24
-1.463239917755123045e-23
-1.303143885638825822e-23
6.099409938284808985e-25
-7.124875621229364536e-24
-2.070823330734411444e-23
5.003526824007826914e-24
-1.959699381191772844e-23
-1.386769883183659228e-23
-1.466560511691475414e-23
-1.641287504444792792e-23
1.351307271606699589e-23
-1.032072005057179024e-23
-9.732128875919770882e-25
1.957999819304082466e-24
-7.944705144227731086e-25
1.769014801672809947e-23
2.080580642750899292e-23
-1.444794294977190390e-23
1.506127793792385597e-23
-1.084750435825112813e-23
7.209409431663801102e-24
8.965838593100464637e-24
-2.236881032899211176e-23
-1.769265038522531458e-24
-1.987678112362468331e-23
-6.044838143638878125e-24
8.748813774826594702e-24
-9.994914289526520724e-24
3.094783678277282298e-24
2.579228893768625100e-23
-1.188475767001355143e-23
-1.835567945505124086e-25
2.016849340185654133e-23
-7.396077815408202672e-24
-1.210186216850525293e-23
2.512373706545414754e-23
-2.758870746321300893e-24
1.284675644031327901e-23
2.352308024436053681e-23
6.129716357487820861e-25
1.302712499824091684e-23
1.935840179583186569e-23
-3.083619305319721372e-23
4.642120627168406847e-23
-1.740258014286921228e-23
2.251105763857426913e-23
-2.019441782645253465e-23
-6.163356476025368612e-24
-3.564865934701255115e-24
-7.228780470362833967e-24
-4.706552060007736862e-24
8.240394617498472262e-24
-1.243616616816905005e-23
-6.254418370735557175e-24
5.510054998295314005e-24
-1.185124407462378609e-23
-5.435076544195695138e-24
-4.518488846413468938e-24
-1.000553783937930788e-23
-3.239111873483763741e-24
1.938460954746828835e-23
-2.480131502046454577e-23
-4.777716747275653545e-25
2.003303585955725586e-23
5.628692597393188310e-25
-1.906008565913497557e-23
1.197301412951770549e-23
-3.839492448055397394e-23
1.153915812019264892e-23
-2.034965142190602756e-23
1.214101500616996649e-23
1.560028373188325507e-23
2.494587860418636824e-23
-1.676129010479481398e-23
8.237638756591033933e-24
3.754803327689652284e-24
-2.185229511250365503e-23
1.316280569463421137e-23
-7.649138539273891163e-24
1.013603689994786051e-23
-1.167268012314021704e-23
-1.568500008093632782e-23
1.716001308475971663e-23
-3.699253110779703243e-24
1.848335214953873064e-23
1.776716555874297891e-23
-1.685830226448404034e-23
6.998650763963611676e-24
-1.688816150480094961e-24
-4.517158271430095249e-25
2.903953225393462730e-24
-1.603634304138533843e-23
1.328472084122332275e-23
3.507505233338815212e-23
6.048054749174518648e-24
-1.688120651393845843e-23
1.701741084437005415e-23
1.281845710471676134e-23
1.134656576730171982e-23
3.887311392901528341e-24
-1.249555133834414637e-23
1.872077619115193333e-23
-8.378226674258744281e-24
-1.013559477027414323e-23
-7.588497575223563607e-24
-5.488036664223035868e-24
-1.585687639177931019e-23
1.657142277430145873e-23
-1.634519171586209747e-24
-1.191358224059188245e-24
-1.546548676897318969e-23
1.644157538118600365e-24
-1.274622417738331434e-23
9.619779833282391914e-25
-5.235338733712192835e-25
-2.743903226346973204e-23
1.927404710000550669e-24
6.564309320094167210e-24
3.089583831213077322e-25
7.321843691962464257e-25
-2.439092846451734386e-23
5.683408512960909637e-24
-2.530543223293734312e-25
-1.722776550748367638e-23
-4.136476375968531829e-24
-2.152945351354970055e-23
-2.803365756062485833e-24
8.643243882178533929e-24
9.712564207724405097e-24
2.130691778319412734e-25
-5.322303673098371290e-24
-7.053670945978967118e-24
5.469049106829061542e-24
-2.091412984477114337e-23
1.198685079292051105e-23
1.049747182708169280e-24
1.172387022063108164e-23
1.118751612441485314e-23
-3.937343704457496010e-24
4.307861088665679720e-24
2.048769766545764582e-23
2.201167067465279947e-24
5.087135989168139259e-24
6.783308515194202802e-24
-2.863481804066567740e-24
-2.475710906066553570e-24
1.711833368138522077e-23
-2.353973756941088064e-25
-1.660080080702447570e-23
-1.813838432086600166e-23
8.835081406446594135e-24
2.574812696324269935e-24
-1.805335774306953202e-23
4.585878792891319208e-24
-2.626091093069878631e-23
1.342144280526924538e-23
1.339572548130591686e-24
-2.198763041228309766e-24
3.545932927688215786e-23
-1.621492076576764056e-24
1.028262735682074093e-23
2.550582571601834653e-23
3.343083398363126792e-23
-6.172881644883787081e-24
-2.250112458717759091e-23
-7.553012501141525205e-25
1.293921988686952770e-23
-9.042112600903160935e-25
2.148624349195496934e-23
6.167260002482595732e-24
-4.690369010914889783e-24
1.007437600538604648e-23
-2.679537419055015406e-23
5.112025001827327425e-24
-5.146661211562689328e-24
2.077883613611037246e-23
-1.793846835674104698e-23
5.605469640987055003e-24
1.075471437665054135e-23
-2.131114511417017643e-23
4.220846995067493900e-24
-3.887268649346521774e-24
-7.797369077773856499e-24
-5.098323416210003127e-24
-1.417228549449537791e-23
3.681341020825242254e-24
-8.243542839909540959e-24
5.192906773945639648e-24
-1.131670446598699616e-23
5.428876931696790219e-24
-6.554564780488322255e-24
1.000519280082264567e-23
3.330215171068913125e-24
1.893567687878996889e-23
-9.471890032029353375e-24
2.136283145134460429e-23
-2.380382388633093025e-23
-3.405382106206224144e-23
-1.601857354947585938e-23
-1.348479136989577637e-23
-3.382571924407166633e-23
5.734131487629893841e-24
-9.311101576714051047e-25
9.741384144663149115e-24
-2.937155584619896081e-23
3.082398036340086717e-23
-7.522385303471795904e-25
2.129400908294511210e-24
3.327155429230160552e-23
-1.941138870740337602e-23
-1.156981488929787969e-24
1.406258286244620606e-23
-4.059272231290117950e-24
-5.737639695656893560e-24
-2.385201826383709140e-24
-1.327200021193731361e-23
8.693982955787324564e-24
-6.985389404519216888e-24
-1.814204085809975756e-23
3.598865177412481120e-23
1.457709334737381910e-23
1.470084964543110093e-23
-2.803271511620864645e-24
-9.945481213575290918e-24
9.707217020955367320e-24
-8.422550280261757632e-24
-7.443701220315393116e-24
2.060361264813610890e-23
-2.596157507074279584e-23
3.431767879859849869e-24
1.327749962815788960e-23
-9.139929949267766218e-24
-7.954897447996588125e-24
1.202455997045558288e-24
-1.761888780915681444e-24
1.888547784596813063e-23
-9.773932264236145691e-24
1.008358114674040227e-23
6.035976007983504440e-24
8.874176777298005134e-24
1.888706129438335571e-23
-1.183196187887216277e-24
7.816971129430793423e-24
-6.321853169055566800e-24
7.381942838649979896e-24
1.416049770173972225e-23
-1.723870775867270173e-23
3.436821823969498879e-23
9.357069094192421114e-25
-1.892075169061761199e-23
-5.694296518473365628e-25
4.224415470817746716e-24
1.300108532330792880e-23
-8.864622982737473769e-24
3.094626073618992113e-23
-3.364417423927500220e-23
-1.650562653746823795e-23
-1.545815961046071916e-24
-3.459124069293660062e-23
1.180026221865317624e-23
-1.762417751494707204e-23
-2.543124166386795703e-24
-1.060878176948650880e-23
4.672858197268574158e-24
5.813908833197971923e-24
-1.209859470620295464e-23
-7.160303676811858167e-24
8.177723613642808575e-24
-1.049709482917652899e-23
3.352911365085084101e-24
-1.004752849882796466e-23
6.779041435127944588e-24
8.317904023863392760e-24
4.539004863438416716e-24
1.357611714215576936e-23
-9.678907667126425955e-24
6.020730356291063542e-24
8.127767166571441126e-24
1.703560697127985848e-23
-4.233261814637565935e-24
8.587989672032408115e-25
-5.119621950526465063e-24
2.608568237743015091e-24
-2.208487924555222248e-24
3.626264946541896714e-23
-2.027469580789602331e-25
-7.229360889458100778e-24
-5.084355886303556948e-24
-6.926304323467610834e-24
7.875668101297605354e-24
-1.834295940900727470e-23
-2.916703730002757764e-24
1.105137934896785743e-25
3.272036246422278878e-24
-2.443365352001780683e-23
-4.031105746899112508e-24
-5.418428148809753798e-24
1.582973039911495123e-24
-8.956324056679184663e-25
-2.225216630209617895e-25
-8.698338057191048845e-24
-1.526518206477519227e-23
3.299922714992491692e-24
3.988085778577206410e-24
-6.129153934535054318e-24
6.110673771033265169e-25
-2.352649689010226614e-23
5.956856554440269402e-24
-7.702293022417631241e-24
1.026150838205481896e-23
7.632955334653297440e-24
-1.592391114578899377e-23
4.394093995789808506e-24
2.821903106965579987e-24
3.031771276507179978e-23
-7.815733453105110376e-25
6.706870760178482912e-24
-1.354683654765396267e-23
7.866634958215142388e-24
1.329790410977176120e-23
4.966134310274479773e-25
8.596390405920625720e-24
-3.351332098141267235e-24
2.105970674958584256e-23
-4.787538901587774402e-24
1.396556285614448209e-23
-1.094891208407217237e-23
1.466222603747819857e-23
-2.523786675764148403e-24
3.372678403655088413e-23
-7.247398198675575033e-24
-4.689503337460540791e-24
4.263033917463460608e-24
5.784887295288743475e-24
-1.751437899357340992e-23
-2.130782701028408576e-24
7.161256712568446014e-24
-6.741704661325547114e-24
1.760913387592458819e-23
1.772019473813837031e-23
-6.476853627808018332e-24
2.076185887806547280e-23
-2.975986610742849847e-24
2.068852573534904803e-23
-4.540254386031443375e-23
-6.534785935855729242e-24
1.316509394144771592e-24
-4.328572262045637599e-24
-1.305457538430451728e-23
-1.478993391789453757e-23
-1.732133402898471164e-23
5.027926684876228789e-25
5.319831309909308458e-24
-2.763631723788311284e-23
-2.582725865532438169e-23
7.691806878072161672e-24
7.064167370491493691e-24
-1.154729684689921218e-23
-1.899102218559288555e-23
-1.782388328712606301e-24
3.672211763459800297e-24
5.912591998449933224e-24
-1.717621267273423182e-23
-4.281543676478735002e-24
1.661819686123744454e-23
-1.444159055510929939e-23
1.341161557434159066e-23
-1.570544121039561334e-23
8.511258765517018976e-24
-4.981748934358760354e-25
-2.014632391124735042e-23
1.451072743418739769e-23
-7.901544829979756820e-25
2.194598348268767971e-23
-5.242518081668389931e-24
2.244687301183810171e-23
1.134384570576877371e-23
-2.497333476897393340e-23
3.680034981752733518e-24
1.429960696320183084e-23
1.094931152248491881e-23
1.722451611035415247e-24
9.312876285350453697e-24
-6.441214911390820313e-24
1.071514654455123133e-23
2.344070008241481924e-23
-5.517581409712222803e-24
1.632351723152841873e-23
-1.777618679359910131e-23
3.871527261704216646e-23
-7.203613189726159767e-24
5.674483296084631880e-24
-1.184609944274313316e-23
-7.060649593409871884e-24
-4.837902746385784000e-24
6.345849768866138848e-24
-1.663703325444355573e-23
-1.492739210071279217e-24
6.152276178046059783e-24
4.633395330189746077e-25
-6.074890063050982723e-25
5.740181015845584591e-24
4.223735794299157123e-24
-8.815308226418757730e-25
-6.513813471169444556e-24
-1.201954642026024576e-24
-1.407221029989377801e-25
3.435423371831062585e-24
4.544960987240056136e-24
7.836254742028430878e-25
7.134460649873138802e-24
7.546044036906290347e-24
-5.873285238040800996e-25
1.914790690610216057e-23
-1.058429125678040116e-24
3.474639348200499986e-23
-2.278460205912211034e-23
6.121216851133691890e-24
7.969221503539953363e-25
-4.821088844574318457e-24
2.620469691469621420e-24
-3.545808198371149347e-23
-1.537287415363481955e-23
-1.139594474224685995e-23
-1.371524117085782185e-23
-2.494881493528383633e-23
-1.381147926709038312e-23
-3.410196712858323899e-23
-7.903219603644802393e-24
3.059484336590140322e-24
7.923199521829867731e-26
7.296776382018158915e-24
-2.374303832270803086e-24
-3.154916158972228332e-24
-1.033352603512103213e-23
-6.950830102206670639e-24
5.813633808928382033e-24
-4.312281343159799701e-26
1.482397851265456114e-23
5.242100123453604460e-24
4.997406883340218498e-24
2.437893824813640011e-24
-2.085882465539168748e-23
3.478279132921044048e-23
2.951840442417179498e-24
5.049939734293380958e-24
-4.568029741696786041e-24
-9.626162513469941492e-25
3.209636789184858398e-23
-4.041134634505080933e-24
1.138909222355910444e-25
-1.102635650112225823e-23
4.345786044642128113e-24
1.202691519057548578e-23
2.834924602421165846e-24
-1.211516730637320018e-23
5.474374954616811648e-24
2.519663636244269979e-23
-8.644734013016929126e-24
6.440737509124283698e-24
-1.798797580946846713e-23
3.201329616872537399e-24
-9.401092513520002108e-24
-9.706439216816355044e-24
1.034833938358484679e-23
5.597912523412942715e-24
1.968966444696676018e-24
-1.087232813281991032e-23
-7.321775512934734316e-25
6.028538446555985555e-24
-1.476760629985096067e-23
9.336364735317467513e-24
-1.801232481744528384e-23
9.809528297547522878e-24
-1.053045838289912836e-23
1.674803094483593404e-23
-7.989398162535342581e-24
4.758982751083354515e-23
-2.109265069479675793e-23
1.122990936543182647e-23
-3.702062802549003585e-23
2.814378547110060194e-23
2.405206790827135467e-23
6.354896868973773216e-24
2.520596755703820682e-23
-5.211520774495351944e-24
1.073257552544881326e-23
-1.156403184979531903e-23
3.031620929653751377e-23
1.223076637742977050e-23
1.297772904002821192e-23
-1.860893951913333597e-23
1.384233168823858573e-23
-2.285209246159320986e-24
-8.546629968336659941e-24
-1.983526232110362720e-23
8.859347835736393454e-24
-2.903129385694049995e-23
7.768056514615845446e-24
-1.217809458139337667e-23
1.269837514468446304e-23
1.690252672825200632e-24
7.715721284536871933e-24
-1.628103994159253640e-23
-1.101992349921838880e-25
-2.050610516427480705e-23
-1.071762314839810596e-23
-1.625680270404862266e-23
-1.024544817961489428e-23
-4.855428080424867723e-24
-2.951748299579100307e-23
-9.844608973651170447e-24
-1.015299090693667522e-23
-1.780327100875010359e-23
-8.832499362067500168e-24
-2.299883015813344466e-23
1.502087042375321815e-23
-5.721993697661549309e-24
1.038421943434427604e-23
-1.324177286619907316e-23
1.068041791138875777e-24
1.104808493819163004e-23
3.580944402473489937e-26
1.031218528746985945e-23
-2.620432060441657443e-24
1.085431841673113962e-23
-1.319293417767072588e-23
6.408878509017775618e-25
-4.207083508749753221e-24
-2.352671653430201794e-23
-5.029724990221440966e-24
2.484384832157102875e-23
-1.560911396421887593e-25
1.078717108564276656e-23
-2.705123907994941015e-25
1.720006359073285586e-23
1.027457749579515351e-23
1.544202896725160178e-23
-5.581921475256109255e-24
2.250833099493250919e-23
-4.095320208690267834e-24
4.299880357440506307e-23
1.068989046817506464e-23
1.126259782811883525e-24
1.118349029969878200e-23
1.601974187574555812e-23
2.258258962660140787e-23
-7.692213170330613083e-24
6.440931915731304185e-24
-4.721218731315629873e-24
6.545867827718128922e-24
-1.231908679099579065e-23
4.008966835088123712e-25
-8.895459460100549944e-24
-1.750188035548964120e-23
-2.771227078565389552e-24
-6.710009898693254043e-24
3.959572229171750220e-24
-1.800250479779080263e-23
6.818301658831838341e-24
1.276262151915524311e-23
2.596548983635544660e-24
-8.890138505242518224e-24
1.029883084922988352e-23
-1.363010967962333004e-23
-1.606620003623996027e-23
5.248023739979835836e-24
-1.861941811058482147e-23
-1.481044118960632256e-23
-1.652363010264655466e-23
2.641584025399021974e-24
-1.451526031312978607e-23
1.761978765238442251e-23
-2.129445321498574503e-23
8.385102753428597015e-25
1.240478629964353682e-23
2.940797040166486007e-24
1.426679249329573852e-23
1.046535403274068406e-23
-8.905759938859150656e-24
1.426920686235014763e-23
2.907203482882785914e-23
-1.656872147894607944e-23
1.605413260505054143e-23
6.592924779387341538e-25
7.737120725938836710e-24
-1.519571045100098947e-23
1.621011824602201576e-23
1.098957829776568013e-23
1.566627826158363072e-23
1.481766975472942002e-24
-1.503594247520373489e-23
-1.460283802817696343e-23
-3.330682867924440984e-24
-7.953124083852234137e-24
7.513356722999690510e-24
-2.868107699295860963e-23
1.364572667792383801e-24
1.352643594542096912e-24
-1.613304420670350299e-23
3.849119379289000280e-24
8.149286351029017911e-24
-1.107996158061686396e-23
-5.762314572118576582e-24
-1.330466086234407826e-25
-2.569596981078642067e-24
-3.608000407520682540e-23
1.422854054447311776e-23
-1.682531980266744364e-23
4.480053975248832688e-24
3.938811183815563574e-23
-2.367266923377783370e-23
-1.014430566495119777e-25
5.202803669455394239e-24
1.001965462847114641e-23
-5.643390475449085266e-24
-2.148257136859121208e-23
4.601585969727169134e-24
-2.670033381211953723e-23
7.955938468868562384e-24
-2.154349321604682700e-23
1.199565688694361164e-23
1.150288849789918306e-24
6.562485196679405557e-24
3.339645521969547886e-24
-1.336888069274676962e-24
-7.289712468513232920e-24
2.786682418134721608e-23
6.138456674841394490e-24
2.420732500120860012e-23
1.819390768769641625e-23
9.547461641105236838e-24
-8.932002563093055001e-25
1.630436800467168017e-23
4.824329000115383186e-24
3.275314291524889697e-24
-1.069269074797605090e-23
1.834258874139754132e-23
-7.427182711673048511e-24
5.367662367975379501e-24
-7.357682585378594391e-24
1.388323763632353333e-23
-1.828579805895450437e-23
-5.568963297576231140e-24
-2.093039294214749607e-23
-1.061687392080515111e-23
-1.478086120116185920e-23
-2.184402902230905928e-24
-7.195265191399327553e-24
7.908101657715895306e-24
-9.315884696768300834e-24
-2.221970940660019379e-24
2.554706917450706619e-23
-1.166006771340522287e-23
-2.719979225853882511e-24
-1.016800692414960118e-24
-8.604333647162909969e-24
-7.443623230857167189e-24
1.055884965504426763e-23
7.041206787645456009e-24
5.635278729326407604e-24
-1.858991957210869703e-23
2.621069182355483782e-23
-1.535418999751788447e-23
1.045773491025214389e-23
-3.347764339466782869e-24
-1.326018272063285032e-24
1.072322121314804448e-24
2.347093351818660521e-24
1.922640635086454312e-23
-8.240324099994807209e-24
9.855277551635352255e-24
2.102690394524004335e-23
8.723342422101752206e-24
-1.678207175159180487e-23
1.158929088953007561e-23
6.958782765156698695e-24
1.183529655823315327e-23
3.891626811573617317e-24
-1.989164655755077412e-24
-8.403853470617353700e-24
1.957299027671228608e-23
5.136644047196900364e-24
-9.592066347966134854e-24
1.070876101864549038e-23
-1.628415741862014997e-23
-2.833416854343678540e-24
8.739817047863361268e-24
-1.827524054304111091e-23
-7.373532471201647092e-24
-1.355390461865295984e-23
-2.854520498636777076e-25
8.913769066297644152e-24
8.603964187875744761e-24
-2.871031416456047310e-24
-2.168236762827314911e-23
2.208572506041700468e-23
3.092494695891093976e-24
-2.461908439048689714e-23
-1.180999326459424274e-24
-1.149009354880283424e-23
1.026282534719525664e-23
-4.771855680860949496e-24
6.336276096915455875e-24
-2.668862666449918585e-23
2.201857288178849480e-23
-4.076854218990699447e-23
2.607346379705514189e-22
3.639452044963938877e-22
3.732666987018273290e-22
4.241594694332387649e-22
4.561877827175439480e-22
4.927787880887889797e-22
4.947679344142872532e-22
5.315073828933152989e-22
5.488097245254951811e-22
6.186380531699404191e-22
5.748076633473658454e-22
6.119996095374679626e-22
5.815302263012651526e-22
6.037655472405741902e-22
5.678595551317548963e-22
5.468268103684991466e-22
5.177569639274930902e-22
4.703005256839762673e-22
4.359536931003635132e-22
3.907788316234978784e-22
2.996547579975049533e-22
2.808210449844779389e-22
1.695179850455222923e-22
1.140497051095041693e-22
1.764473519331538233e-23
-5.909430919587334035e-23
-1.546414561652611495e-22
-2.472674345537556676e-22
-3.097856976260730585e-22
-3.828999533526392881e-22
-4.962339176187072191e-22
-5.553025268378584160e-22
-6.193505780095857637e-22
-6.669466506983862934e-22
-6.982250730054348632e-22
-7.507780006380066538e-22
-7.859098221723795818e-22
-7.554695269037319868e-22
-7.348435951091331387e-22
-7.339235963126682001e-22
-7.164349268035391506e-22
-6.545882904277582272e-22
-5.646747581582536894e-22
-4.784173584947608980e-22
-4.082456770187731135e-22
-3.217855922880437685e-22
-2.272991010020738224e-22
-1.059080304918747307e-22
-1.320213175177789868e-23
1.053320646965484488e-22
1.796957945674814988e-22
2.574572068960699170e-22
3.679220840475488208e-22
4.509407728220247345e-22
5.308146446365238943e-22
5.344759723435043216e-22
6.236820134385866497e-22
6.467985330928805895e-22
7.137957485858752260e-22
6.764140415705849297e-22
7.023631582543363891e-22
6.701464827269709765e-22
6.618116441614207694e-22
6.199919475863349570e-22
5.786285520805783698e-22
5.216943840164870829e-22
4.837071015780685300e-22
4.419038560557016399e-22
3.738553251697336890e-22
3.068338396447108845e-22
2.429610649907162869e-22
1.794812918037645445e-22
9.822942719366564606e-23
3.352009647228420253e-23
-2.236194459017212520e-23
-1.014025303356925099e-22
-1.420104781003581258e-22
-1.963374318339562127e-22
-2.978381688587118335e-22
-3.237192648808753070e-22
-3.764497688406057936e-22
-4.390089833415964359e-22
-4.727563789745929848e-22
-5.016224775614085341e-22
-5.336616040900728142e-22
-5.554750882917415053e-22
-6.148998110836908216e-22
-5.858422786917963772e-22
-6.161023157777478483e-22
-6.013532437313127525e-22
-6.085109417908050289e-22
-5.701664194072521225e-22
-5.629194226391775701e-22
-5.321028110745598106e-22
-4.819262993118080718e-22
-4.557157972790278820e-22
-3.867561790373219597e-22
-3.081126787084867016e-22
-2.524930844891945495e-22
-1.969844810423783133e-22
-1.057890652685853747e-22
-3.050063917897819078e-23
1.249819088783827925e-23
1.181342986870156078e-22
1.584495381199581227e-22
2.423772588208434042e-22
3.069568752629273741e-22
3.945243235579370800e-22
4.389950528832179876e-22
4.922091604483755943e-22
5.608606316611172959e-22
5.955657500424503845e-22
6.316985038654754577e-22
6.576860389626410845e-22
6.863548221834664117e-22
7.174754881781571083e-22
7.046706404536481186e-22
7.159886810033459455e-22
6.561114077898423224e-22
6.605511315578165219e-22
5.916342563102399760e-22
5.508708547692179190e-22
4.308660280550973428e-22
3.416015872045866496e-22
2.551785866912160369e-22
1.093353505799441815e-22
6.869638325437086669e-24
-1.042810761936557886e-22
-2.923215997248554781e-22
-3.782749211862963340e-22
-5.162632030265433827e-22
-6.550126157111243553e-22
-7.304225886354899494e-22
-8.355453248879182777e-22
-8.904764521263217514e-22
-9.352952754460726600e-22
-9.054290808092791430e-22
-9.328258545810084523e-22
-8.559287746298088378e-22
-7.700111901078571134e-22
-6.240706829673701050e-22
-5.190754744311800105e-22
-3.820143763849373822e-22
-2.332710642701448964e-22
-9.171076332481968972e-24
1.101484959830905059e-22
3.048155686790951328e-22
4.072792432775679933e-22
5.549192745720374353e-22
6.618479696928445471e-22
7.447000331336353049e-22
7.950359613043458955e-22
8.180226471455754961e-22
8.180104204125468798e-22
7.780634535394584585e-22
7.526256631900147955e-22
6.824745039812948372e-22
6.045653982552260703e-22
4.980930379115929005e-22
4.191996581258817242e-22
3.494300688116588720e-22
2.126650108538564578e-22
1.142256778506429327e-22
-1.115079995481936735e-23
-8.818919338452584919e-23
-2.044805095003433054e-22
-2.837731811792358190e-22
-3.720152861488442278e-22
-4.615843724028412255e-22
-5.423786531216729949e-22
-5.769217734265166019e-22
-6.725268721100009507e-22
-6.973861370198745901e-22
-7.233353174016010345e-22
-7.409200885546782642e-22
-7.233817231517713245e-22
-6.937829311411597903e-22
-6.682953790106048355e-22
-5.656918100905501686e-22
-4.669644119811121800e-22
-3.618469617961073158e-22
-2.614760483141649539e-22
-1.324236913969350534e-22
1.260639416232095386e-23
1.445591436619512524e-22
2.959315386792883869e-22
3.942309762794101016e-22
5.239167365832467194e-22
6.414916885723974248e-22
7.591301754744112207e-22
8.616079760104100677e-22
9.016345666737134641e-22
9.292610652171650130e-22
9.296760966980698259e-22
9.125310059083217540e-22
8.213799078578126077e-22
6.359347380069538823e-22
4.457006686237232730e-22
1.787792935331811350e-22
-1.090127507327835285e-22
-4.572957036763750176e-22
-7.702289157483347868e-22
-1.027111347136675187e-21
-1.222319535888881309e-21
-1.309784436141607073e-21
-1.230216302218775830e-21
-1.038958133775899386e-21
-7.636021427039121739e-22
-3.837943155797160665e-22
3.321925129873775990e-23
4.049511234625881453e-22
6.700130959603896515e-22
8.991376704251531134e-22
9.568098857183353134e-22
9.154795247085401927e-22
7.668739659784348746e-22
5.715923013159699739e-22
3.712214690816204759e-22
2.019734752222879809e-22
2.860521496736985566e-23
-1.070510563621899721e-22
-3.052308347633470964e-22
-4.161427588448236400e-22
-5.774289261737749289e-22
-6.306145381161774578e-22
-6.237686452010322461e-22
-5.994248381838037724e-22
-4.340781812370180674e-22
-2.753507996670099374e-22
-3.957157349760135354e-23
1.309389730281465110e-22
3.334436161742658286e-22
5.622842489697314251e-22
7.313816965860531490e-22
8.026883420999125167e-22
6.690890571486751441e-22
4.614653491858245113e-22
5.324666970889175554e-23
-3.315235015244167660e-22
-5.827724032000183237e-22
-7.145343152337744167e-22
-6.236941801046964394e-22
-3.886598806946348512e-22
-1.591093251430152528e-22
3.821198499107384617e-23
1.729326723997274969e-22
1.800648676312657632e-22
2.354077933200550643e-22
2.113345187204298005e-22
1.965427942180465652e-22
1.548850127866768691e-22
8.810943804235073854e-23
6.199972072301054960e-23
7.185689643603537542e-24
-6.432303520083115561e-23
-1.239452735966475036e-22
-1.733315219149759366e-22
-1.680950443536779926e-22
-1.491894185962241196e-22
-1.200662100505562871e-22
-6.368690187527757593e-23
1.191664955863526606e-24
8.094533770245993021e-23
1.348663159840274244e-22
1.449493291646135184e-22
1.033947440362009452e-22
7.427840455408754341e-23
-5.948334893770625489e-25
-4.079666015504747749e-23
-6.319437523701666389e-23
-7.591636418441409396e-23
-6.413927601400054242e-23
-5.262699586441534056e-23
-1.928928561672870214e-23
-1.690285464053637449e-23
1.594601886715158753e-23
7.043809262596818258e-24
-1.246986342140017224e-23
1.836394543855646139e-23
3.095411543395462489e-23
1.322946976477879680e-23
7.331366659216979389e-24
4.363367982641050505e-23
1.881045978121738484e-23
-1.331808117250802173e-23
4.481282055460596479e-25
-3.277115146283330511e-23
3.522210047606476002e-24
-1.988881632725016979e-23
-2.196419945387210545e-23
-1.163631525901751167e-23
3.321553480862045731e-24
1.560383124272736082e-23
2.317904067563963011e-23
1.477506866087834528e-23
-1.084444783532033915e-23
1.589015243583531869e-23
-3.483774484762396059e-24
2.782031593643407748e-24
-6.816584834842737152e-24
2.676814964161474474e-23
1.425745932890937203e-23
2.461307263465064395e-23
1.748913076848628642e-24
3.583482637510131089e-24
1.175582550110280803e-23
-2.730466155763941553e-24
2.388931419111988217e-23
-1.787222734008954027e-23
5.996635448102484877e-24
5.577573187532436867e-24
1.166545780841501852e-23
4.064835313530827548e-25
-6.625686448937414237e-24
-2.942975600335705679e-24
-1.242615267340159363e-23
1.654163444520262796e-23
1.578293567395798133e-23
-2.117687965814256148e-23
2.978345151354809825e-23
-1.561070683746074762e-23
1.439771405996324634e-23
2.404940369088884000e-23
-3.109880381525459183e-23
6.980478911527047737e-24
-6.805628946463332264e-24
2.139707717103557058e-23
5.907462377949966043e-24
-1.260079703358047605e-23
-1.936037435012862698e-23
-1.124867974548744956e-23
2.901977431314821610e-24
-5.515651346777203476e-24
-2.658369943940965981e-23
-1.553423498357141288e-23
3.446164098952171180e-24
-2.640947446930588716e-24
-1.293259326896987641e-23
-2.393426187398237864e-23
-2.954585446727191907e-23
1.407975513336480112e-24
2.895136595031000600e-24
-2.574609911316792505e-24
2.799035647783592572e-24
-1.687892859590728670e-23
7.966038769701918658e-24
-1.751795763698868548e-23
-1.140605014410023735e-24
-9.013953923991495121e-24
-2.444262114749995313e-23
3.257250991586147243e-24
1.754254165805613518e-23
-7.278159409552573043e-24
-1.988009244091279245e-23
2.916457257945189361e-24
1.364709711592768328e-23
-2.226257343500688434e-23
-1.311590388256341942e-24
-1.774231889664346608e-23
3.437562933882098003e-23
-1.011439125652051584e-23
5.185388751995165980e-24
9.990301258394066502e-24
4.580465427583584238e-24
-1.137139054672800930e-23
5.033041466805818921e-24
2.720910899957570227e-23
-8.509475664628016770e-24
1.590058331572970265e-23
8.614439130886738819e-24
1.875015589540611764e-23
-8.059547398172945003e-24
6.869885150590035351e-24
1.774965101916024254e-23
-6.804644342369183465e-24
2.051278587405800363e-23
-7.810208634858633728e-24
7.307151465487539125e-24
1.456994067554558674e-24
2.039062132462684396e-23
3.255031663253928773e-24
-7.699764518385392017e-24
-1.358866564989522888e-23
4.028954724473072979e-24
-5.820554481326769661e-24
-8.644729336122610738e-25
4.351787039311745237e-24
-1.094108139205323768e-23
4.580821630846896915e-24
1.001659251920320175e-24
1.300852159664916668e-23
-7.288679237015852131e-24
2.878763291053179444e-24
-9.523991843306545925e-25
6.268100373050463989e-24
-1.699844642314632863e-23
-1.342874338384283981e-23
1.923376949256638787e-23
1.359549431621673676e-23
3.012096827543644668e-23
-8.999010242392875964e-24
-3.115894655535452838e-24
-4.940413624126609365e-24
-7.549657382348905293e-24
-4.068188977986722337e-24
1.210569387174135667e-23
-6.664897209235234967e-24
-2.029307882188472314e-23
5.792511419634674615e-24
-1.292837747217339618e-23
-1.450614777548096500e-23
-9.996646096897442825e-24
-1.867319776907557102e-23
1.947390219959032326e-23
-2.024865631183093857e-23
-1.347158653870535505e-23
7.796030682947071908e-24
-1.087562212617334473e-23
2.734483442703011592e-23
-2.954194321925892629e-23
1.012303651860849528e-23
1.420072501684074667e-23
8.563215256816194228e-24
6.756187820968512277e-24
1.509596336640054599e-23
-3.906242020280598307e-24
1.464100812823560616e-23
9.522582103320455326e-25
9.572569334773820473e-24
6.007886785931745798e-24
-1.062358627778669047e-23
-2.601103415718352908e-23
1.315080740940752901e-23
3.579273111044021367e-23
-4.788311114937187545e-24
-6.200279053275826481e-24
2.188142587440418754e-24
2.681857662543378754e-24
1.176029367158239906e-24
1.218098231723110025e-23
-2.138746378407152302e-23
-3.788771198882709290e-24
1.209249649492916967e-23
-1.178322670647168153e-23
-8.370130695135450241e-24
1.008640795147557385e-23
-8.102633100158991262e-24
-1.577709138358983228e-23
2.852112221589496510e-23
-1.163782343596760834e-23
-8.604572033278050185e-24
1.658234064269558619e-24
-9.224458823110653242e-24
1.482007488223260446e-23
-2.106759768142012966e-23
-1.885072644989753582e-23
-8.564418516920007164e-24
1.577294700255720986e-23
8.859733114096923257e-24
1.769568905778266015e-23
-2.613667905174558753e-23
-9.580451889135681389e-24
3.165347443401584286e-23
-2.182814138274550279e-24
2.344001162395537332e-23
-2.042535139709468009e-24
1.287025478755444186e-23
5.156675899060987694e-24
2.288009182830496244e-23
-4.907764260535518384e-24
-2.620370722049551970e-23
2.660747864155237919e-24
3.161511879699456149e-23
-7.037744609268094701e-24
-8.916245364677384411e-24
-3.766739555445469253e-23
8.943125884730143169e-24
5.007632813451107047e-24
1.415036474000372631e-23
-1.739522762127453235e-23
-1.898484734711153341e-23
-1.488854793513777773e-23
1.751572923551661279e-23
-1.101634853415272894e-23
-1.418946676918456385e-23
-9.292849326889419594e-24
-2.600853719544733540e-23
1.082697358897548067e-23
1.146805631467685968e-23
-1.564791988923013337e-23
1.487411897111858194e-24
1.089362750115532707e-23
2.179486474002244581e-23
-1.248715773339145245e-23
9.048520514305306144e-24
5.747089741706208496e-24
1.180658580479743258e-23
8.138457226036400626e-24
-7.544705817831892049e-24
4.231657289633818515e-24
6.185575891070161253e-24
2.430184432048041782e-23
-1.074538943910387663e-23
1.646805853240878042e-23
-2.088055912753788705e-23
-9.817203048085771904e-25
1.840025360341864356e-23
-4.567141428383159416e-24
1.441626318918473204e-24
-3.924358714353571191e-24
1.459696549050785673e-23
1.404303835947013437e-23
2.745009328356255543e-23
2.596223952031910472e-24
4.509717975718332571e-24
2.024497458883151532e-23
1.566749969518600298e-23
3.672018183890457656e-23
-2.416070144643955407e-23
5.623487085508209803e-24
1.469356745880718827e-23
1.645394352194148531e-23
1.365719748871119442e-23
-2.212507315946136075e-23
2.608333268598285423e-23
-1.808870653207028189e-23
-3.505922828090118598e-24
-5.490748074216363904e-24
4.547812179951174986e-24
-8.074014658796526783e-24
-1.113079227139387754e-23
1.771872516694074729e-23
-2.007969093845398172e-23
8.788376586679767796e-24
-9.486344436485865479e-24
-1.518123649253030758e-23
-4.999670795075113766e-25
-2.234667412737917858e-23
-3.135133686747960956e-23
7.566194710606660614e-24
-9.304586828665785470e-24
5.150037347507981852e-24
-5.385516776430076471e-24
-6.081463369641411476e-23
4.937346487522098668e-24
-8.574447735888440887e-24
-1.367218478258110546e-23
-1.952029453535816177e-23
-3.594388572749435716e-23
2.990843591679114436e-24
3.408451034352833146e-24
1.862293057272822046e-23
-1.339607965007277218e-23
-1.242255373714478772e-23
1.970064665186023993e-23
9.526992752667438938e-24
1.185375743916703235e-23
9.827718686593447671e-24
-4.453541283756287956e-24
8.848810465773989259e-24
2.020581812142056138e-23
9.356169859556605133e-24
-8.842532029503993280e-24
1.308145721650728851e-23
1.571097086866469192e-23
2.096040816777039780e-23
5.892587485618101454e-24
-2.995707186943175014e-24
-2.137688857270000904e-23
3.135694547106415388e-23
3.100699277406849733e-23
2.248220142630452664e-23
-2.252918592318292254e-23
1.223823530270696391e-23
-5.736554850854163098e-24
9.052175514118487677e-24
1.437412584625775944e-23
4.568389847416336800e-24
-1.893479232965288435e-23
6.576351215907027683e-25
1.288614529683033193e-23
4.242664065723651029e-24
-2.748727479812552315e-23
6.773199156247939032e-24
1.846718222674422857e-23
6.153771696947775275e-24
-6.926829101556423734e-24
-1.285730973885074293e-23
1.521780123170513196e-23
5.321106067730259652e-24
2.079201627013434920e-23
5.833426114740893647e-24
-2.516721426720464370e-23
1.625973017975493938e-23
1.680773418157473993e-23
1.242214178732768900e-23
1.217533346198667582e-24
-5.945727338382298808e-24
2.085106040296484676e-24
-6.295830368808468550e-25
2.134293240890884020e-23
-4.476372119752316928e-24
-6.945429219825599444e-24
-1.080598619310813238e-23
7.803579005923755768e-25
-1.125020737960859189e-23
-2.888851652158251416e-23
2.468588130017200893e-24
3.496453810762290427e-24
1.454614355961469923e-23
-8.004968726979811820e-24
-1.459468159013013140e-23
2.675721200992335373e-24
-2.409729531141388585e-24
7.934452480091148845e-24
-4.759214486028497504e-24
-2.286646390860705918e-23
7.507584806270674879e-24
4.535994363202236899e-25
2.298906434596218367e-23
-1.711827099580250307e-23
-1.518467667821206813e-23
1.181766654327075777e-23
2.316148036461509582e-25
2.985313928837232128e-23
-1.548120114132087117e-23
-2.036730876291224848e-23
2.001547130420183928e-23
2.541315806999533956e-24
-6.670967168816773908e-24
-1.807256313640469537e-23
-2.417955354443304553e-25
-1.056885091375782217e-23
2.530093772433669186e-23
1.899153891417996175e-23
-1.484717144767719976e-23
9.518011046629167397e-25
9.940247865149253443e-24
2.506866564058349584e-23
1.230854759780573404e-23
-3.459338150756611463e-23
-3.608426296726884110e-24
-1.057699180501570252e-24
8.660951323093390318e-24
1.385869669155623881e-23
-1.163253806467012096e-23
-1.596797676895516828e-23
1.107960618904397180e-23
-4.751762177700699428e-24
5.812464415085502705e-24
-6.843321487302205735e-24
-4.650307455363068968e-24
1.072736472341866876e-23
-2.635066727311769359e-24
-2.186272958308181744e-23
-4.814183771762883518e-24
-1.751414693522592185e-23
-1.297526938606604977e-24
6.483898869924350965e-24
-1.347717306286044499e-23
-1.054841771693339935e-23
1.559041673816198740e-23
-1.170564954856942423e-23
2.744140532448878161e-23
-2.666606747871847932e-23
1.544385398277002941e-23
6.378535455616608732e-24
-1.127224003860911817e-23
2.597117006061375966e-23
-1.705497972547903695e-23
2.748580351134725667e-23
2.069216793133188441e-24
2.418313077809159732e-23
1.390162331933437709e-23
2.004361186981128896e-24
2.709746631720717202e-23
4.429333946349668473e-24
2.723170126133174025e-23
1.194392984923985187e-23
-1.226368180049972300e-23
-9.566970381854422913e-24
3.371315382483802854e-23
-1.239541486033032692e-24
3.017441379570401754e-23
-2.037320866952324092e-23
7.284672028163905313e-24
1.046639367696039380e-23
1.332469914157306949e-23
5.384480270006803742e-24
-8.722252326755565242e-24
-1.984688164410971362e-24
2.211916671058023793e-23
3.062856978050354513e-24
-2.838843532644824149e-23
-2.058275245224772412e-23
-2.222508234560011204e-23
-3.875663548882818443e-24
1.219853428355750906e-23
-2.694592342210380272e-23
-2.218901056053306244e-23
-1.270692034593112680e-23
8.770800369362512263e-24
5.149680031978916398e-24
-3.181586259773771640e-23
3.684163988916158168e-23
-3.300202811472054634e-23
4.167270054314559954e-24
4.934765973276534574e-24
6.550239562402656775e-24
-4.021803123802138518e-23
2.611700055958737995e-23
5.767259380425264258e-24
-2.570247843151187860e-23
9.887743257595707787e-24
-3.752275102490146470e-23
1.278215281857152810e-23
-4.798298316274222601e-24
7.847440468778885335e-24
-2.956559227245023000e-23
-9.478227492075822075e-25
2.011789502488268131e-23
4.655890537904389445e-24
-7.879409831097776948e-24
2.376863315420789100e-24
-2.244460912874174078e-23
-1.388088868052265257e-24
9.718958144610514786e-24
1.294726754222522458e-23
-1.081137908646545956e-23
7.583587742580505499e-24
4.014030206590388493e-23
1.325245772814371445e-23
-1.115091813903962800e-23
1.932836566001642773e-23
1.175876225672519438e-23
5.776123270151831526e-24
9.533916576097841396e-24
1.013304291107134106e-23
-1.194882931503589578e-23
3.100102609491040938e-23
6.353774884532453470e-24
5.455759314769165557e-24
1.781697823807606721e-23
-3.630463812627278443e-24
6.194787880996664157e-24
-1.162298005764920567e-23
1.157793089679226901e-23
-1.635760157155801028e-24
-1.358442366268867351e-23
-1.870021670723358953e-23
2.562583536326944005e-23
2.351245173234595528e-25
-1.584031844413446470e-23
-4.193665932882712881e-23
-4.874986480346570299e-24
1.096116991913834000e-23
-1.243664805820502743e-24
1.328245412950304367e-23
-2.450816521064076823e-23
1.727900805615057311e-23
3.694052931282816811e-24
-1.610743163437187827e-23
-4.499779200974903756e-24
-1.257274627283446379e-23
1.019961993330489300e-23
1.120678401219806980e-23
-1.350527831451887736e-23
7.733684197069835111e-24
-1.663629465508040567e-23
3.441562682590160876e-23
9.737226924300021465e-24
-4.724856350175191132e-24
5.537792530187499802e-25
-1.056991782059569059e-23
9.136490660612650817e-24
3.389334351852849553e-24
1.756847102197805129e-24
-1.476701636058441137e-23
-4.286217056798826595e-24
7.261154507325973292e-24
-1.442319302975173205e-23
-1.520262917974517093e-23
9.990922379284850439e-24
-4.642635895478059483e-24
2.777793633254173975e-23
1.364468811699134563e-23
-1.697273204725736869e-23
-8.002124929794645494e-24
8.301115640278392555e-24
1.091166478958194441e-23
9.121119177978010530e-24
-2.433351830764939503e-23
7.941802359486206047e-24
7.136752675419692353e-24
2.858659126766476216e-23
2.218991507827801663e-23
9.616216117273787718e-25
-2.140062839796711407e-23
1.903806968814287119e-23
-1.649947442562958838e-23
-9.484284047147715032e-24
-8.940336506796951490e-24
-3.311952047007935377e-24
-3.949145129666548317e-24
6.774219823847789116e-24
-1.603625076201429099e-23
1.350407137484282137e-24
-1.394087770823359240e-23
1.706912784992484337e-23
-2.240655984161226035e-23
1.285648163578083431e-23
-2.788125240799144510e-23
-5.282885849402452501e-24
1.109639716109243683e-23
-1.301927155340290557e-23
-9.356687818126631333e-24
-1.320612517477152599e-23
-4.533642318955103183e-24
3.883429148427544368e-24
1.125553453581849528e-23
-1.874779607144934302e-23
-4.346974368602848360e-24
-1.607029685614524470e-23
6.162171417387565488e-24
2.233636837966944260e-23
-1.736426139740559107e-23
2.554300570700475725e-23
-6.725571961603709996e-24
2.204999620329323318e-23
2.822735752502683898e-24
-2.780443195968037072e-23
1.311249305319844078e-23
7.782906127249116370e-24
1.577089405059454672e-23
1.454424555777666964e-23
-1.553195880776913877e-23
-3.906308753521569551e-24
9.897956997450958688e-24
4.368168603198418805e-23
2.153389122855190078e-24
-1.584209283480684205e-23
-1.290280938961107427e-24
-1.193709998891864258e-23
1.342133621630971688e-23
5.001427790099572853e-24
6.018951004446900314e-24
1.768968411967439561e-23
1.815109206953444705e-23
6.880875590141989628e-24
-1.205402760842150232e-23
4.462217888816215248e-24
1.749127829882303762e-25
8.411145668288311867e-24
1.480589727696687554e-23
-1.850177409404821934e-23
-2.352201740663748480e-23
2.166773504059689177e-23
2.598060221078174124e-24
2.722093493340889139e-23
-1.934965582543642798e-23
-7.687399283000033026e-24
-1.358122061779795416e-23
1.310287464560369625e-23
1.488939797565409460e-24
-3.590216024666596948e-23
8.262067036493654738e-24
-8.683748272701354759e-24
5.873143883910487874e-24
-4.561971187032432837e-24
-1.269271540350887645e-23
-2.655821771533910101e-23
-1.023027562925038755e-23
2.482519458180558920e-23
-1.550177156723297355e-23
-2.559205175983067596e-23
-2.412531414939951445e-23
-9.620520408129136547e-24
1.805317735058676488e-24
7.499561623786523929e-24
-2.205080140253919840e-23
-3.157286702358736790e-24
-1.555391536569855366e-23
9.518136868600386590e-24
1.320626738715868663e-23
-2.658711254124301413e-23
-6.677828988201798069e-24
3.349658203240903236e-24
1.721723963204009457e-23
-1.705048139189413173e-24
-3.950500769109488594e-23
4.181113845463966944e-23
9.649024820261493239e-25
4.506531160288547299e-23
-2.601602636811797250e-23
5.025376586620879755e-24
-2.047771447735276148e-23
1.637257737550550518e-23
8.337842526230862975e-24
3.802221300060153303e-24
1.569880895820319705e-23
1.785553416956843658e-23
2.031811073659232556e-23
1.175448609505378876e-23
2.382472208205759053e-23
-5.865173480693790629e-24
1.915846431750496677e-23
2.992859988140293820e-23
5.110367601952419900e-24
1.355598429349758798e-25
-2.287339007668692796e-23
1.298227034819027000e-23
8.134205695716529152e-24
1.540171207271079086e-23
-8.826437538117657486e-24
-7.830260351449770875e-24
1.454343474642271222e-23
1.069916135446343194e-23
-5.483301755685556907e-24
-1.062093409722608068e-23
-8.047474251249528247e-24
-2.513309646919943173e-23
3.370529929098370751e-24
-2.718719838474956793e-23
-8.558720817762333887e-24
-2.861174325786871697e-23
2.140164957786079847e-23
2.184142103412843768e-24
9.877449818246051990e-24
-1.415334313905958006e-23
2.339077090707817455e-23
-7.571168573707228623e-24
-1.422854131248177294e-23
-2.233999788122541642e-23
-1.355723482504843049e-23
-1.198922083704738724e-23
-4.549707284010106667e-24
-3.650994241240036733e-24
-2.033721316817483911e-23
-1.930088077210670246e-23
7.106848351844722094e-24
2.111663068456977457e-23
-4.319842331049867101e-24
-1.431504827897987354e-23
6.126095890657245117e-24
1.218569757498605371e-24
3.564456391542597325e-23
-8.633764325443767921e-24
-2.133376557751941724e-23
1.513867100445479361e-24
1.803393957967362726e-23
2.853831595714125590e-23
-1.064715230651137507e-23
4.910464466582106548e-24
-1.839395692879129408e-24
-1.198585030631705269e-23
1.635377604769274942e-23
-1.939093574866413531e-25
7.254090211453702855e-24
-1.526598981790473031e-23
7.373358504052876924e-24
1.521730437759704859e-23
-1.371504090760671771e-23
8.857846011365496103e-24
-1.061423543312953316e-24
1.907265974822063520e-23
1.290571138248604099e-23
-3.633593220130700199e-24
1.368343270182562851e-24
-2.264261808327936789e-24
8.301784788734127565e-24
1.212188653915422093e-23
8.106670745667461651e-24
-1.694796333205621266e-23
9.960656040441125095e-24
-9.610034563149140046e-25
1.355716787535171790e-23
-1.248113260970018914e-23
-1.442531438796564360e-23
-8.226479918094779335e-24
1.462718080311259675e-23
-1.420082873424102031e-23
-1.368224526224742446e-23
-2.843235478533099441e-23
1.188598654674888681e-23
-1.185519302248861980e-23
4.520259377502856773e-24
-1.876734355245522028e-23
2.745920250070742129e-24
1.946064103897528926e-24
5.296500385029561960e-24
9.627839006074973157e-24
-3.864545738181701681e-23
-1.891595624856070654e-23
2.023462176127027774e-24
9.068401121023269850e-24
-1.506018642002297016e-23
2.379937161555783432e-23
-1.493488119507055050e-23
-3.658747982475201212e-24
1.308639348849485713e-24
1.747369157230727123e-23
-1.048341845601429495e-23
-1.631562455316603386e-23
3.335783519085138992e-23
1.887009589189939359e-23
4.460337647519380274e-24
-9.809290153459294739e-24
1.141833140386519154e-23
8.812422941295959653e-24
2.263959570643680230e-23
2.995163824348126608e-24
1.094326485735151047e-23
-5.217199619202959812e-24
1.212992446179743121e-23
6.799695147273805210e-25
6.302256764836728532e-24
-9.818548311080421091e-24
-3.182700138154184961e-25
2.330452953276325926e-23
-7.892873659721711996e-24
-7.424394105436998755e-24
1.550337360528779593e-24
-8.243901206348494092e-24
2.041441655657553111e-23
-1.133202085009059838e-23
5.341116674743429010e-24
-2.593143967211818741e-24
-3.619889951316780247e-25
2.789035118638636371e-23
1.407037747952855478e-24
-2.240917405098974974e-23
1.821422017614307424e-23
-9.988320677249522248e-24
1.021421054389865191e-23
-7.597635625119481276e-24
-2.764157017089054459e-23
-1.578773297595763881e-23
1.555969670769592222e-23
1.092115081437874201e-23
-2.813400891889712279e-23
-9.985778929921202840e-24
-2.256441978226648664e-23
9.102458761052223802e-25
-8.289249453755387503e-24
2.017987803462099217e-23
-1.976646705892667444e-23
6.878405027072981629e-24
7.018081029754901375e-24
2.490508933767583858e-23
-1.219914055119424921e-23
-1.252664838083656291e-23
1.516299348583710352e-23
-8.001665581517929419e-24
1.877552037464292262e-23
-1.763507488672341966e-23
-7.424348498279217036e-24
-8.094327496450970876e-24
1.823803587809575552e-23
-1.688089598545498781e-24
-9.650491115375931765e-24
-2.566388132762750205e-23
-1.088039299760914320e-23
1.134148579734461026e-23
1.644372489110846921e-23
-3.461096231181288292e-23
-2.431669580165332908e-23
7.696195787912780871e-24
7.627024217642302206e-24
-1.532623243706456434e-23
-1.407170882257634267e-23
-1.201471567612492652e-23
-9.622342368712116290e-24
2.291866855611379108e-23
-2.007989974579267790e-23
-7.364889836515230032e-24
2.241657657192439533e-24
8.254437029868805911e-24
1.791536150933934819e-23
1.236406600046566197e-23
-2.068746867705089186e-23
2.156055706278587679e-24
1.486704331959865934e-23
1.821439363679544391e-23
1.664301427168589162e-23
-2.210462629536222074e-25
2.309099786018651319e-23
8.460634286616513828e-24
7.221301618390769281e-24
1.001141696108328178e-23
1.832452197959902772e-23
1.000864410204092586e-23
1.929092527317757900e-23
3.072930720183917213e-23
-2.052379720825331788e-23
1.060412442904560456e-23
1.451532440659506124e-23
5.445171135445635938e-24
3.579385656640879455e-23
-6.060239205890147765e-24
-9.582336199604955503e-24
3.206909455993105247e-23
-3.330851326480125031e-24
-8.768438682040051859e-24
1.532512701164232553e-23
-3.126400656152134500e-23
2.219091502058986159e-23
-5.984380934460356131e-24
2.330040449326796525e-23
-2.176291438385886581e-23
-5.874203128739092952e-24
-8.128501798381086381e-24
-2.369105893660944683e-23
-1.097425053741438389e-23
-3.645458128822196423e-23
-2.850443096338913767e-23
1.458678139204403067e-24
-4.033827820600312286e-24
-1.257868671213981916e-23
-3.038060600157384409e-23
-1.056047361721927181e-23
-6.531734469694154659e-24
-4.732497130126642721e-25
3.566587572233604411e-26
-3.468746312466117333e-23
-5.675433284691606503e-24
-1.199189443817715686e-23
1.529507369564232968e-24
-1.002739616020435125e-23
6.627455288059323276e-25
-4.913999288586687433e-24
2.348119845121038737e-23
9.032536039614731721e-24
-3.823079703814102732e-24
-7.770574498691779288e-24
-1.811867141587200727e-23
1.914685486274634020e-23
1.545732002128191518e-23
-4.381230628589355691e-24
7.288162965583175112e-24
1.611981395453405395e-23
3.706598214259131888e-23
-1.106188511115044093e-23
-3.995151080078721161e-24
1.171990778732197110e-23
1.017638165730154443e-23
1.477096290760338464e-23
4.607534000568302935e-24
-1.664525510010776563e-23
-1.359362377726753553e-23
7.616662865256720956e-24
8.561478533899971808e-24
6.112195025990324178e-24
-8.450423872030082287e-24
9.101308370872718257e-24
-3.031958571471221512e-24
1.338982141539684851e-23
-9.923632275230503982e-25
-1.453990334678588591e-23
-1.661910740692105027e-23
1.994251324202611265e-24
1.407169713469001171e-23
-1.100634903217042059e-23
-1.958386954651636068e-23
7.230622118082384268e-25
1.480583958619124519e-23
1.346815760951866552e-23
9.252550107862406013e-24
-2.049683938400563558e-23
2.839294400980015453e-23
-1.332700546335223573e-23
1.862733665964710965e-23
-1.715109483878126401e-23
9.097708332687866838e-24
4.023403630352506550e-24
2.118053770700853229e-23
1.456510929946268101e-23
5.995702281468688135e-24
-2.431968315096297516e-23
4.174422944688377850e-24
7.631402964436727467e-24
1.773464826977677495e-23
-2.189350276868533117e-23
-3.425641536456710034e-23
1.505550559569097921e-23
5.364676178457528749e-24
1.137863235767082271e-23
-1.755434567514238122e-23
1.024292323551482540e-23
9.747490683170705451e-25
1.597231674851539664e-23
-2.402471374609873492e-24
-1.048543466079257958e-23
-6.789455591394178210e-24
-9.097069530445125283e-24
1.670454669505351163e-23
-9.410980354343814903e-24
-1.206316029198034669e-23
2.152848898150647611e-24
9.810045355922330996e-24
-1.310299426953339125e-23
1.092036124959662703e-24
-3.434713688095617196e-23
2.045186584987129509e-23
1.192475228651232680e-24
-1.872986760177899877e-23
-1.176380187371268271e-23
-1.857839282049152809e-23
-7.361093319868885091e-24
1.868799080340346953e-23
-7.026312691229573990e-24
1.624369960636440750e-23
-2.208175997511658273e-23
-1.958810627969809564e-24
1.357026589457704716e-23
2.488330343297210932e-23
3.347227787300494245e-24
-8.272364914345739169e-24
1.650561584421166716e-23
3.658906493602705325e-25
5.891451174196631770e-24
-1.805191255973197384e-23
4.966498402779589943e-24
2.334518553259407426e-23
-1.053514617432236606e-23
9.409841141990611504e-25
-2.925175101619453259e-24
1.090509899537875520e-23
1.051357421002442240e-24
-2.290225797737714788e-25
