-4.633614280789436012e-24
6.739746856227870580e-25
-9.989859775729129725e-25
-2.059345711378133902e-23
3.537960983941832142e-24
-1.353433004132168544e-23
2.047843230162078182e-24
-1.580761361150496294e-23
-7.885770176820500978e-24
6.513011258154429811e-24
2.361269832479049752e-25
1.548659516334237504e-23
-2.142904341365985061e-23
-3.652713120619354666e-23
-6.362826897382736324e-24
7.337594445626621292e-24
-1.811183321087531804e-23
-1.373753643115336289e-24
-3.818458324608712923e-23
2.249949722125990390e-23
-1.875141592784978998e-23
-3.087977276248876579e-24
-2.424042247230591895e-23
-1.513254747654635145e-23
7.734016054689829676e-24
-8.963230898184912582e-25
-9.654906223248973392e-25
5.690968698043721230e-24
-1.326071974232530209e-23
3.962444075576265952e-24
1.258699072577596807e-24
2.291121370203495369e-23
-6.774705584048864727e-24
1.116574369425767616e-23
-6.124977843832761424e-24
2.875746364848071385e-23
-2.732760872785790054e-24
9.558708249159112795e-24
-1.984471112381979038e-24
2.161507227864392934e-23
1.819680569215392938e-23
-6.129301584401923333e-24
-1.417799719006177374e-23
-5.514361371729309686e-24
3.295401382759368404e-24
-4.277266902039949203e-24
1.307018539945965358e-23
-5.715247243663124422e-24
8.143396185559796917e-24
2.077763171483404469e-24
2.012847524311930386e-23
-3.564241151837796761e-24
-7.791814851024205008e-24
5.550798176847928276e-24
6.570104863471942952e-24
1.408783782596281607e-23
4.099261056456380027e-24
-9.185804778978961435e-24
5.177334376033267280e-24
-4.246562123115852934e-25
3.805476380828498997e-24
3.829998097557619066e-23
-1.326009505130795534e-23
-2.798574101954196524e-24
-1.489346251628583808e-23
9.827476198317172481e-24
2.536154313434571477e-24
-6.877444387905482686e-24
-3.099140483535686140e-23
-1.686529069942930013e-23
-2.367650340648740914e-23
-2.972663431692421748e-24
-2.334933893183348408e-24
-4.568172546192219360e-24
1.477597050247768181e-23
-3.286945247927147050e-24
-1.483359235330254889e-23
1.050156653278714993e-23
1.673080200058444893e-24
2.042703609661694536e-23
-1.451268344852777239e-23
5.001481819442584319e-25
2.464886975516431481e-23
5.328340501366728289e-24
-1.100619890837977801e-23
7.299077147261508718e-24
-3.400431340148688417e-24
-5.382565439562473404e-24
9.812849734497925007e-24
1.578051496836568308e-23
7.310731927525854431e-25
6.066536246533917307e-24
2.367915974360819805e-24
-5.883439897134306399e-24
-1.704756782613037412e-24
8.952978591424735047e-24
5.930790803996702344e-24
2.967061307658865633e-23
-2.052005973648327905e-23
-8.516887700213818978e-24
6.115062921646898826e-24
4.158084140257156702e-24
-6.237872501802143879e-24
-7.783378763341108958e-24
-8.595156056428600500e-24
-2.312022699465350396e-23
1.341294692690795581e-23
-7.264964124956018259e-25
2.725698296850980514e-23
1.762247788834048865e-23
-8.794552958688524610e-24
7.931911218462723308e-24
-1.454055438020135663e-23
-1.312352250541962362e-23
7.022639799318969173e-25
-7.217438432055670614e-24
-2.061543018187076848e-23
4.910482891677555900e-24
-1.950370857822155730e-23
-1.396122586371764591e-23
-1.457183578770539917e-23
-1.650688717246481615e-23
1.360732814672105908e-23
-1.041521929005396786e-23
-8.784693307143456028e-25
1.863011434074909534e-24
-6.992367874846411666e-25
1.759466843230817929e-23
2.090153238761358818e-23
-1.454391580620561021e-23
1.515749821378750166e-23
-1.094397257911557694e-23
7.306126125583758378e-24
8.868872895572097682e-24
-2.227159509479112248e-23
-1.866730344987318119e-24
-1.977906520676514304e-23
-6.142805211579339251e-24
8.847032537103560779e-24
-1.009338529197974590e-23
3.193507469344892936e-24
2.569331180695159179e-23
-1.178552664593155468e-23
-2.830422683039269407e-25
2.026823388426490437e-23
-7.496073868128528735e-24
-1.200160998112589015e-23
2.502322817636366056e-23
-2.658104585747574772e-24
1.274573243574652133e-23
2.362436266818174981e-23
5.114302146429691870e-25
1.312892599744574353e-23
1.925634063491271612e-23
-3.073387114413138861e-23
4.631862302520578008e-23
-1.729973496686206967e-23
2.240794993805464493e-23
-2.009104700355378405e-23
-6.266991022071540191e-24
-3.460967061821749858e-24
-7.332944276697412128e-24
-4.602122710644791191e-24
8.135699112562687895e-24
-1.233120389212791307e-23
-6.359648036418797291e-24
5.615552675182942180e-24
-1.195701038731857685e-23
-5.329040968030963730e-24
-4.624794316789729057e-24
-9.898961840953244672e-24
-3.345959036912645587e-24
1.949172851598840561e-23
-2.490870643731614987e-23
-3.701071631307759910e-25
1.992509760361063855e-23
6.710819128511990629e-25
-1.916857336545813102e-23
1.208177754834860396e-23
-3.850396427445866032e-23
1.164847495502721811e-23
-2.045924596683712801e-23
1.225088793369422966e-23
1.549013174591808519e-23
2.505631032781178872e-23
-1.687200224869226745e-23
8.348632006785975115e-24
3.643528281737824941e-24
-2.174073757787875949e-23
1.305096497494357045e-23
-7.537013934625501481e-24
1.002362770692897939e-23
-1.155998563479467694e-23
-1.579798057512877715e-23
1.727328029890725746e-23
-3.812807762600448498e-24
1.859719496038344769e-23
1.765303386386816212e-23
-1.674388095689440163e-23
6.883939111271815632e-24
-1.573813416574690732e-24
-5.670103821241452052e-25
3.019540345083888447e-24
-1.615222347321627925e-23
1.340089533644750501e-23
3.495858301967316834e-23
6.164819640349085039e-24
-1.699826774543565511e-23
1.713476918297386294e-23
1.270080088827728571e-23
1.146452063627721303e-23
3.769057092693763339e-24
-1.237699682418491255e-23
1.860192067627352090e-23
-8.259069367818229367e-24
-1.025505466322028193e-23
-7.468734296698848958e-24
-5.608104131553500625e-24
-1.573650392823320222e-23
1.645074450291952723e-23
-1.513534276511515055e-24
-1.312650562949669702e-24
-1.534388616185069095e-23
1.522247834025905838e-24
-1.262400454323155744e-23
8.394475816491567668e-25
-4.006918622883279846e-25
-2.756218673027148313e-23
2.050872483303152995e-24
6.440527385011640909e-24
4.330553397904706757e-25
6.077715265757832032e-25
-2.426619886699266721e-23
5.558361286959708476e-24
-1.276885896292086499e-25
-1.735345062978725980e-23
-4.010470976443384143e-24
-2.165578008265945866e-23
-2.676717120226830600e-24
8.516272277665325138e-24
9.839859687708900374e-24
8.544891070489077271e-26
-5.194357702249123303e-24
-7.181943542073489197e-24
5.597649254669149522e-24
-2.104305847586870564e-23
1.211610884383232876e-23
9.201587703431722080e-25
1.185378994120306959e-23
1.105726414373011368e-23
-3.806758506567842308e-24
4.176941711254470261e-24
2.061895218996567354e-23
2.069576422988541578e-24
5.219063731819707243e-24
6.651042690791887711e-24
-2.730876908927880766e-24
-2.608655866373261757e-24
1.725161970677698255e-23
-3.690254716114780774e-25
-1.646682962957748220e-23
-1.827269959644841869e-23
8.969741802413304505e-24
2.439806152043134146e-24
-1.791800401681967826e-23
4.450176845255860170e-24
-2.612485971645463355e-23
1.328504127334695475e-23
1.476325454689054411e-24
-2.335868385312150464e-24
3.559678812735420042e-23
-1.759305508317777517e-24
1.042079645077132715e-23
2.536729987281184542e-23
3.356971766928804589e-23
-6.312124272379924681e-24
-2.236152191221460289e-23
-8.952650844564832629e-25
1.307954599883428137e-23
-1.044900774298603565e-24
2.162729753945067443e-23
6.025840284182499800e-24
-4.548582477775824393e-24
9.932221506804646429e-24
-2.665285056930706997e-23
4.969131094038562508e-24
-5.003395846628422752e-24
2.063519813666674792e-23
-1.779445653860674501e-23
5.461082813116502444e-24
1.089947741222264958e-23
-2.145628556237862570e-23
4.366366067869420664e-24
-4.033167565775437829e-24
-7.651089091555808884e-24
-5.244985705562341492e-24
-1.402523966142551841e-23
3.533910396162834779e-24
-8.095726168430267356e-24
5.044702793021309283e-24
-1.116811190552827290e-23
5.279894514096043575e-24
-6.405191220562460146e-24
9.855426805753571964e-24
3.480374901792856600e-24
1.878512210414821940e-23
-9.320938897392944405e-24
2.121148263276336446e-23
-2.365207605192088744e-23
-3.420596925218235151e-23
-1.586602365570596612e-23
-1.363774432337664449e-23
-3.367236186663204523e-23
5.580368313734430128e-24
-7.769398065088023607e-25
9.586805227040137968e-24
-2.921656696447713577e-23
3.066858011142742247e-23
-5.964254933887496026e-25
1.973173662967463626e-24
3.342819717809826635e-23
-1.956844867455960955e-23
-9.995029906668369323e-25
1.390468437439864673e-23
-3.900952285780895405e-24
-5.896382575380215239e-24
-2.226034526547829350e-24
-1.343159342700465115e-23
8.854003590501282508e-24
-7.145838972665232192e-24
-1.798116083328835903e-23
3.582733975989101584e-23
1.473883889338971023e-23
1.453866901559307512e-23
-2.640654236160301634e-24
-1.010853670629941852e-23
9.870712312505455747e-24
-8.586486962203868332e-24
-7.279321546328560852e-24
2.043878837028273350e-23
-2.579630456694539942e-23
3.266049517701763234e-24
1.344366749152006166e-23
-9.306548967190824381e-24
-7.787825611554454889e-24
1.034929667434967706e-24
-1.593906272706386639e-24
1.871703746285875207e-23
-9.605032298960927682e-24
9.914219880976904858e-24
6.205800303707508469e-24
8.703887710894966051e-24
1.905781688352508223e-23
-1.354420063265292648e-24
7.988665066080324212e-24
-6.494018953645837508e-24
7.554582269587143733e-24
1.398738281421352044e-23
-1.706511559237533240e-23
3.419414696040232904e-23
1.110259148078930708e-24
-1.909578674726884759e-23
-3.939099062202674241e-25
4.048409152762034532e-24
1.317758010982096886e-23
-9.041608146425371294e-24
3.112373819856841587e-23
-3.382214593477252034e-23
-1.632715866139724263e-23
-1.724781978286978174e-24
-3.441177456067124328e-23
1.162029398413203349e-23
-1.744370517744339992e-23
-2.724102621216595360e-24
-1.042729516924937512e-23
4.490861409680268280e-24
5.996417864067856652e-24
-1.228161805039770278e-23
-6.976763935008349042e-24
7.993665375577076161e-24
-1.031251598169482246e-23
3.167809780401442411e-24
-9.861902034390274851e-24
6.592887933483152979e-24
8.504586735205723119e-24
4.351790754731760061e-24
1.376386485120867960e-23
-9.867191194965514617e-24
6.209551936955974323e-24
7.938405283295149464e-24
1.722551142284362739e-23
-4.423711116205653695e-24
1.049795416681628815e-24
-5.311167862162221858e-24
2.800665942279081427e-24
-2.401139769383824110e-24
3.645585781473939887e-23
-3.965141930574091321e-25
-7.035032370529071431e-24
-5.279248104765922141e-24
-6.730845972434591431e-24
7.679641167035856815e-24
-1.814636142306759967e-23
-3.113875254028731416e-24
3.082613601453351733e-25
3.073710114286588554e-24
-2.423474628106509051e-23
-4.230596652669613562e-24
-5.218350997374582145e-24
1.382307044935703740e-24
-6.943749500597874257e-25
-4.243732157557505904e-25
-8.495889751241211385e-24
-1.546822979981522233e-23
3.503572574978205765e-24
3.783831077609622361e-24
-5.924291656172032420e-24
4.055947643488363361e-25
-2.332041116517434928e-23
5.750154918561992615e-24
-7.494972655609178405e-24
1.005356644291785008e-23
7.841521709148516517e-24
-1.613310484052330592e-23
4.603917917716176650e-24
2.611446028599362263e-24
3.052880595164894426e-23
-9.933056146203123879e-25
6.919245109727659353e-24
-1.375985599816829873e-23
8.080302553879101339e-24
1.308358530107424831e-23
7.115865445868733865e-25
8.380759871478472033e-24
-3.135041002352598860e-24
2.084275192728894175e-23
-4.569917162665104897e-24
1.374727098526263445e-23
-1.072994684041649617e-23
1.444258415448480730e-23
-2.303464860849098071e-24
3.350577897083501352e-23
-7.025706536704567634e-24
-4.911884967997522401e-24
4.486108916019767383e-24
5.561115501826031545e-24
-1.728990695059099436e-23
-2.355958476170088170e-24
7.387139730834733842e-24
-6.968298462315503652e-24
1.783644202817939583e-23
1.749216863681915299e-23
-6.248105950049013580e-24
2.053238596659204496e-23
-2.745784778053705949e-24
2.045759126338392256e-23
-4.517087300011852400e-23
-6.767196964474058364e-24
1.549664402959625840e-24
-4.562475094763698236e-24
-1.281992085168732719e-23
-1.502534405905546610e-23
-1.708516433762007816e-23
2.658594518740272230e-25
5.557532060579600277e-24
-2.787478956556047964e-23
-2.558801067315972162e-23
7.451779129018063718e-24
7.304979034157545304e-24
-1.178889660862332687e-23
-1.874863010623283194e-23
-2.025576981835585323e-24
3.916201283441656090e-24
5.667797281117295631e-24
-1.693060838972858066e-23
-4.527961931749157098e-24
1.686543353408072740e-23
-1.468965013000133007e-23
1.366050257538756430e-23
-1.595516020179380462e-23
8.761814352033772898e-24
-7.495717208844037149e-25
-1.989408115551927386e-23
1.425763402080348011e-23
-5.362056400507038080e-25
2.169117439522981094e-23
-4.986843891196290787e-24
2.219032881576539196e-23
1.160126485464210911e-23
-2.523163386300362940e-23
3.939219058998264849e-24
1.403953281841875467e-23
1.121028086595414899e-23
1.460581890328494375e-24
9.575651609831658511e-24
-6.704901114761123618e-24
1.097974895110560731e-23
2.317517609859137671e-23
-5.251130424122528629e-24
1.605613376863471038e-23
-1.750786532618096763e-23
3.844600756554789227e-23
-6.933398921611267833e-24
5.403314125141828366e-24
-1.157396962841998605e-23
-7.333745846703018306e-24
-4.563834202791822870e-24
6.070803027185153897e-24
-1.636100234970719768e-23
-1.769760300751590498e-24
6.430293536228686329e-24
1.843197663432269863e-25
-3.274606299389407898e-25
5.459137767596733333e-24
4.505800238416812353e-24
-1.164622849221938040e-24
-6.229687412097985403e-24
-1.487121247892350100e-24
1.454916290955832440e-25
3.148155868076616471e-24
4.833288974967476063e-24
4.942302224090095911e-25
7.424930014519486917e-24
7.254493640999289317e-24
-2.946901076622142170e-25
1.885417340922396346e-23
-7.635934150586514778e-25
3.445044835114166048e-23
-2.248754022700480535e-23
5.823030961213943904e-24
1.096239531205754321e-24
-5.121545227135475507e-24
2.922072665246231168e-24
-3.576083921804215878e-23
-1.506895490845971966e-23
-1.170103383065076720e-23
-1.340897432358667916e-23
-2.525626754149679263e-23
-1.350283281622181942e-23
-3.441181559668359488e-23
-7.592160857626823205e-24
2.747206962591199381e-24
3.927364379317315316e-25
6.982036337874169134e-24
-2.058319560654887040e-24
-3.472153378786134050e-24
-1.001502705030681601e-23
-7.270599766311469760e-24
6.134683165542638820e-24
-3.654609761706406244e-25
1.514761469702232526e-23
4.917156598541161570e-24
5.323667172674601316e-24
2.110307240637772330e-24
-2.052990213780511174e-23
3.445252312985145485e-23
3.283464183371554479e-24
4.716950478755373189e-24
-4.233664883685612193e-24
-1.298366916391117346e-24
3.243351468695870305e-23
-4.379688003027358932e-24
4.538614297012287798e-25
-1.136775483716059746e-23
4.688623024927461906e-24
1.168262862233630246e-23
3.180671832379447250e-24
-1.246238640394059243e-23
5.823077259915534899e-24
2.484643937290869872e-23
-8.293030724167932720e-24
6.087516165069145007e-24
-1.763322451121999461e-23
2.845036320021214008e-24
-9.043245025854750937e-24
-1.006585323773244860e-23
1.070933243288956485e-23
5.235327795353549894e-24
2.333155659682788152e-24
-1.123813480334604645e-23
-3.647402934878400007e-25
5.659457303857727193e-24
-1.439686780597275406e-23
8.963955252435316684e-24
-1.763823053327497163e-23
9.433735222359917644e-24
-1.015295234647009938e-23
1.636879759333072433e-23
-7.608422955326371964e-24
4.720709571724710473e-23
-2.070814739079058114e-23
1.084361943019802056e-23
-3.663253613798427173e-23
2.775387610649422834e-23
2.444381048222000353e-23
5.961305142322654333e-24
2.560142459466516808e-23
-5.608859500158428868e-24
1.113181253896266451e-23
-1.196518397778220266e-23
3.071929359657577718e-23
1.182573261256231972e-23
1.338472980204189747e-23
-1.901792505459230680e-23
1.425332002196810974e-23
-2.698218656162385540e-24
-8.131580946118829554e-24
-2.025236975428900044e-23
9.278532746442448062e-24
-2.945257558462802124e-23
8.191454676883837749e-24
-1.260362907933472874e-23
1.312606616837115589e-23
1.260384638722519403e-24
8.147787114080175270e-24
-1.671532465785387655e-23
3.263257715581512597e-25
-2.094489218317342714e-23
-1.027655207025819677e-23
-1.670018021966364160e-23
-9.799741510281567489e-24
-5.303486964568347964e-24
-2.906704848388578864e-23
-1.029744288532139885e-23
-9.697733457070823502e-24
-1.826097650923626866e-23
-8.372320916779948977e-24
-2.346150683212490931e-23
1.548607100824686743e-23
-6.189744280740393003e-24
1.085454651898844093e-23
-1.371470337912584381e-23
1.543603091882476810e-24
1.056986504795978680e-23
5.167161771298653382e-25
9.828562996559215754e-24
-2.134065025139433569e-24
1.036517696841686574e-23
-1.270098815501834287e-23
1.461065889138573357e-25
-3.709435827482862773e-24
-2.402726234132630880e-23
-4.526248812505021560e-24
2.433740897751575811e-23
3.533447297210673269e-25
1.027470475570996438e-23
2.450189246062869591e-25
1.668143216157442169e-23
1.079634478450052073e-23
1.491708944113397158e-23
-5.053772686805822748e-24
2.197693525673849057e-23
-3.560639154957455826e-24
4.246079814457592492e-23
1.123126004629127220e-23
5.814855551952498510e-25
1.173171042497357805e-23
1.546803383923296714e-23
2.313782837240406072e-23
-8.251026227597315707e-24
7.003363711024885976e-24
-5.287314536496314284e-24
7.115673781522460148e-24
-1.289264992130411569e-23
9.782649303376466273e-25
-9.476681699337776784e-24
-1.691675428756852566e-23
-3.360307797155397704e-24
-6.116922695575862904e-24
3.362425668759166236e-24
-1.740124494045921622e-23
6.212873469210311220e-24
1.337227420206277261e-23
1.982614489919746702e-24
-8.271863694700387616e-24
9.676155994264292163e-24
-1.300297379681844222e-23
-1.669785922157048886e-23
5.884269830500128190e-24
-1.926031607496106368e-23
-1.416482497731260882e-23
-1.717403238314015075e-23
3.296841682911450990e-24
-1.517544418889454808e-23
1.828497016555522795e-23
-2.196470840984141443e-23
1.513913870277351843e-24
1.172415686128069297e-23
3.626731543059163916e-24
1.357547187219987413e-23
1.116214371524652270e-23
-9.608103574696340148e-24
1.497719135367899260e-23
2.835832050564079447e-23
-1.584918620679395948e-23
1.532868305686331445e-23
1.390751911236680707e-24
6.999553441443887541e-24
-1.445193491410371017e-23
1.546003153902207295e-23
1.174608169386040731e-23
1.490324996770313356e-23
2.251431157715580680e-24
-1.581235641444916302e-23
-1.381955748486151634e-23
-4.120949945588173497e-24
-7.155747348924612013e-24
6.708743900927086830e-24
-2.786909822740327808e-23
5.450945510238154664e-25
2.179758152332481582e-24
-1.696793611415021720e-23
4.691933507014398787e-24
7.298401020488259090e-24
-1.022085179571624776e-23
-6.629806496592924219e-24
7.429897469889190725e-25
-3.454344846913904479e-24
-3.518637264237914710e-23
1.332584831049633860e-23
-1.591338414618271890e-23
3.558686667136938324e-24
4.031910486672926659e-23
-2.461348813544213765e-23
8.494082114893353946e-25
4.241706930025861044e-24
1.099121684070783924e-23
-6.625645359541015249e-24
-2.048938909866008598e-23
3.597233749932903010e-24
-2.568456087441146737e-23
6.928485466999687959e-24
-2.050409182982732692e-23
1.094402940340982840e-23
2.214429979934514170e-24
5.485532564249030374e-24
4.429718317210099037e-24
-2.440401021665709333e-24
-6.172427469073817304e-24
2.673542275242613909e-23
7.284332043112880380e-24
2.304660438052811874e-23
1.936985939683206343e-23
8.355877717142407886e-24
3.144331178691714554e-25
1.508025096164520865e-23
6.065381848210131936e-24
2.016854585061290797e-24
-9.416333142596612321e-24
1.704782106238164238e-23
-6.113470419743454897e-24
4.034447238055510522e-24
-6.004381286325941510e-24
1.250924020259343838e-23
-1.689046624417712838e-23
-6.986297796225980873e-24
-1.949035548314506538e-23
-1.208034866282529540e-23
-1.329317856406144936e-23
-3.697102766913839604e-24
-5.656697408127739363e-24
6.342771039735756347e-24
-7.722848983517194140e-24
-3.843704753449794399e-24
2.719854854469880022e-23
-1.334239860767081280e-23
-1.005627892201225891e-24
-2.764409198483088572e-24
-6.822158068848603605e-24
-9.261754835077089282e-24
1.241441178386154364e-23
5.146646919157929254e-24
7.570504207756788335e-24
-2.056758799296423758e-23
2.823269977317638861e-23
-1.742256422752048653e-23
1.257464452592659383e-23
-5.515534448795867605e-24
8.951087663832361080e-25
-1.204846862818526846e-24
4.683197360591938281e-24
1.682824411298225993e-23
-5.776725236297059651e-24
7.322579898579321385e-24
2.363267900644638726e-23
6.040157344883073593e-24
-1.401674679416925691e-23
8.736648846887230516e-24
9.904424671153783390e-24
8.790398413927827490e-24
7.042691024847999173e-24
-5.254052477691067701e-24
-5.016624914733852706e-24
1.605391066994235656e-23
8.798238816106982645e-24
-1.340818860250929192e-23
1.469300844293573644e-23
-2.045200471818268479e-23
1.535743972891825132e-24
4.148936575498166500e-24
-1.343896745428209454e-23
-1.248287406274609787e-23
-8.138860174544729763e-24
-6.045050633546285081e-24
1.506467431808043200e-23
2.004803140047098934e-24
4.246723985047588503e-24
-2.940699171003527182e-23
3.053007858612016450e-23
-6.219075448218559649e-24
-1.424245353844109196e-23
-1.289666237680027935e-23
1.959285374478621198e-24
-5.518249180081361692e-24
1.430923652328979546e-23
-1.776377586688909571e-23
5.923928690527149485e-24
-2.795423999259474167e-23
6.103075983465331205e-23
-5.550279055471129218e-22
-7.072333103008565125e-22
-6.184512509056343615e-22
-6.413497228784865439e-22
-5.601482091074372305e-22
-5.484871375985842366e-22
-4.918716016986085577e-22
-4.476737908902441418e-22
-3.629794321236536586e-22
-2.596578758732521648e-22
-2.216731392967009748e-22
-1.290153097350735092e-22
-6.370550979197456767e-23
3.249611511587007620e-23
1.047183808829016759e-22
1.726777632897060496e-22
2.616060291899979132e-22
3.143731762199034967e-22
4.045956459310825984e-22
4.665394538568217203e-22
5.024039757700845142e-22
5.925526742541982051e-22
6.056327608562048137e-22
6.552462800387699246e-22
6.747996020607164208e-22
6.928452236853834744e-22
6.984233535168525012e-22
6.835287717000227019e-22
7.006997177450850292e-22
6.816145250669181212e-22
6.202864546340514676e-22
5.855898879793663253e-22
5.406341607051551497e-22
4.832060231595405667e-22
4.346145192310479364e-22
3.355669626897732955e-22
2.456022667926240580e-22
1.930974059678445155e-22
1.231380688345753188e-22
7.907681740730350476e-24
-9.608570799775776719e-23
-1.772631045099140427e-22
-2.318976091945907185e-22
-3.064238614010031890e-22
-3.935520089485302850e-22
-4.744050234691774731e-22
-5.379906670840652780e-22
-5.780639133275098595e-22
-6.316580208285568370e-22
-6.563958591769333531e-22
-7.046715063233186339e-22
-7.409090388745856086e-22
-7.193885708680918332e-22
-7.124138614419213516e-22
-6.806344818837264758e-22
-7.096538534275888473e-22
-6.241186083187681604e-22
-5.886938496897979327e-22
-4.812463767629583404e-22
-4.635540049862134287e-22
-3.570632362690417517e-22
-2.971630466708602596e-22
-1.920639057974511489e-22
-1.132092896487997816e-22
-1.774312520319043373e-23
6.429026210829567583e-23
1.757934293878542659e-22
2.802815405138474344e-22
3.634613498648107993e-22
4.394088559136496289e-22
5.183570524278784068e-22
5.850295454011521166e-22
6.295170563025209759e-22
6.743900278099728389e-22
7.204104849142354058e-22
7.246428758236499372e-22
7.574080743761864985e-22
7.563680536283378225e-22
6.970270379882069547e-22
6.926938724824108970e-22
6.500480932995447545e-22
5.772661505031817439e-22
5.222951331674477031e-22
4.529512623044031393e-22
3.706257931294308314e-22
2.810248432276108151e-22
1.458964650975420031e-22
8.418900941674319682e-23
-4.216837880083337031e-23
-1.354670951137852779e-22
-2.527610872641648926e-22
-3.327765212603106616e-22
-4.421694916624046859e-22
-5.320215345190377613e-22
-5.966284621190756292e-22
-6.848354813220798403e-22
-7.202142600887880565e-22
-7.413296967559811317e-22
-7.715909140750538016e-22
-7.938021582663488712e-22
-7.635039527874842708e-22
-7.384450180344123613e-22
-7.271669901994846167e-22
-6.414929391587904449e-22
-6.024553061122442298e-22
-5.085158512334429969e-22
-4.166030222729971167e-22
-2.923428199592253117e-22
-1.965263827628098220e-22
-8.564056354553435484e-23
5.181948929423974074e-23
1.580590533101180398e-22
2.730919246113158346e-22
3.771554628748158273e-22
4.878385640981904257e-22
5.971862810804861275e-22
6.638988403317115942e-22
7.488784854271467664e-22
7.622458474172517788e-22
8.329054099522668405e-22
8.288729315772413666e-22
8.454033426727536289e-22
7.808116776211792925e-22
7.389074270859291764e-22
6.972494018461482991e-22
5.872321850085265184e-22
5.166678083781948267e-22
4.268559035825983531e-22
2.541380271879354328e-22
1.706413846681678280e-22
2.653168307940875359e-23
-1.336567355378025417e-22
-2.413615636464718493e-22
-3.957603371713488415e-22
-5.117645713173881542e-22
-6.344237219277436679e-22
-6.927640453053338902e-22
-8.221593597458202184e-22
-8.531815602009949023e-22
-8.829167764509878967e-22
-8.511594313859299224e-22
-8.594521783677721091e-22
-8.248563325469583356e-22
-7.679213353318233639e-22
-6.153240730699086112e-22
-5.480898312597255685e-22
-3.779038388967883786e-22
-2.750827845171042072e-22
-9.655197400153859697e-23
6.632642435434180762e-23
2.328394624078305582e-22
3.861423141068558415e-22
5.311700301696213802e-22
6.614940887907204286e-22
7.580142404175474733e-22
8.633168798080436740e-22
9.156518992800678564e-22
9.407724366432784405e-22
9.167687460166039156e-22
8.909462600121049125e-22
8.466836604068854122e-22
7.025801221586179692e-22
5.694997477893302333e-22
3.807480092659210010e-22
2.206535522591153273e-22
3.346182087304599587e-24
-1.835147583280703075e-22
-3.825326887677905160e-22
-5.740700319814554799e-22
-7.448980416441299285e-22
-8.467518181285782222e-22
-9.857571588292334749e-22
-1.022031320332594555e-21
-1.029317943318174891e-21
-9.935974031149474677e-22
-8.936194439368162451e-22
-7.516570897627476197e-22
-5.930275803799618207e-22
-3.393261750132479147e-22
-8.404654908888112122e-23
1.770498693385912727e-22
4.175614634842299980e-22
6.625492202700507940e-22
8.826346228220101733e-22
1.040096531226024903e-21
1.152184871236176120e-21
1.141290155771803648e-21
1.082974706176059520e-21
9.378897084714230916e-22
7.217715816684614583e-22
4.388241646138836007e-22
6.275171429878855566e-23
-3.191395612694380960e-22
-6.842828540627041009e-22
-9.735239084377213118e-22
-1.200805538254205722e-21
-1.342181118597363153e-21
-1.283725767348620105e-21
-1.085890062238466964e-21
-7.158804733378512152e-22
-2.614304885599296661e-22
2.842346277597278686e-22
8.305128188031650890e-22
1.247386696955429480e-21
1.455711835760697452e-21
1.415571226910376030e-21
1.045654876293809280e-21
3.817698036917594478e-22
-3.772258191402619134e-22
-1.041282281934530546e-21
-1.408905970874968737e-21
-1.344522033671126385e-21
-7.505572838431906292e-22
4.472385744984430795e-23
7.799103917101199250e-22
1.111173568251975071e-21
9.383782724468528811e-22
3.823209396018225327e-22
-2.443272906675789140e-22
-6.729816788296096623e-22
-6.827902406970972480e-22
-4.143728572796368106e-22
7.340808298748309763e-23
3.781392055907158616e-22
4.854773199184673324e-22
3.280824330781500097e-22
-6.713818724479772484e-24
-2.157301307164908595e-22
-3.071474618061809305e-22
-1.725890605044093052e-22
-2.468126209842221565e-23
1.216617848419264335e-22
1.997568559493090747e-22
1.491619641590230918e-22
4.337190154528466995e-23
-1.038079586272070357e-22
-9.621921294093337143e-23
-1.060035329170571398e-22
-3.853059664741729087e-23
5.480286764587956132e-23
5.434761839846378586e-23
4.743527506833466846e-23
3.493482285191538818e-23
-1.928302045788636537e-23
-4.192843403476097961e-23
-2.521630286745353940e-23
-4.640018294811980592e-23
2.378966112651869840e-23
2.175304237047418609e-23
1.918090506378980791e-23
-8.358753629991420935e-24
-4.597953224041031920e-23
-1.780235971884935170e-23
-2.733472883924968602e-24
-1.330485692616642382e-24
-2.470026560257054387e-24
-1.357381424510763619e-23
3.726632216716859793e-24
9.889237348294145667e-24
-1.505651318756215061e-24
-7.474489267778361276e-24
-1.905080874385447722e-23
-9.613591320836332967e-24
-2.927519383028402867e-24
-1.097467488441356604e-24
-1.432008521761096114e-23
1.092631684192719248e-23
-6.539381616087476577e-24
-1.697354471171007158e-24
-2.773948880949697170e-24
-1.333841738840391566e-23
-1.254730052243064760e-23
-1.373283393237821504e-23
7.515192511317771771e-24
1.076732291781271565e-24
2.382078275912687737e-23
4.710874729200211525e-24
-2.664551948096185575e-23
-4.243589023856364466e-24
3.046831816606966825e-24
-1.367084851687017414e-23
-1.566191366046188623e-23
2.855268311753389502e-23
1.211209488862923606e-23
-9.384943045990255550e-24
1.384276669618884897e-23
-1.051136111385438423e-23
2.916476343827018521e-23
4.235667768126901362e-24
-6.521451774651068675e-24
-7.214543676872194228e-24
-4.085921320495597316e-24
1.485606510901728441e-24
6.751273994449993336e-24
2.083929106411498652e-24
-1.847224556273400766e-23
1.433902565550412255e-23
-1.918102231271016343e-24
6.640609840560727079e-24
-3.046636518302290225e-24
3.128246137628229635e-23
1.850696538422998897e-23
2.972236985841958784e-23
6.109199596767019542e-24
7.563392741369209565e-24
1.355044431569319884e-23
-2.274808036159187962e-24
2.204098424409853738e-23
-2.044224310815445265e-23
2.173667197273964150e-24
2.247238530338028818e-24
8.392204455573146343e-24
-1.008258985743826772e-24
-6.772969414400894798e-24
-5.710396498702620760e-25
-9.059430941418262000e-24
2.115596972546604648e-23
1.943492212266235883e-23
-1.848352229328890460e-23
3.065489021892542179e-23
-1.598387425914309471e-23
1.304851408782743677e-23
2.272232763812703271e-23
-3.229482017726933263e-23
6.384322803163740984e-24
-7.186496958926800612e-24
2.144747858988304149e-23
6.028831121484038437e-24
-1.206580903284640488e-23
-1.868633083344514301e-23
-1.011776220989400202e-23
4.064932521211080888e-24
-4.143624428037069914e-24
-2.548720617331689327e-23
-1.453606537514902047e-23
3.928876657654079312e-24
-2.365273757193177020e-24
-1.314891142993609228e-23
-2.425102015959599199e-23
-3.014265219267908877e-23
1.013526482688987007e-24
2.563858546571564186e-24
-2.412883997970677074e-24
3.157911265592416641e-24
-1.609696435025493324e-23
8.711823662368507813e-24
-1.666032323130617213e-23
-5.827688216881551777e-25
-8.486359393365903127e-24
-2.422775707027590325e-23
3.512581698625679468e-24
1.757989049114990773e-23
-7.136134585001601817e-24
-1.991835196300201330e-23
3.005676142876751308e-24
1.357737661276000898e-23
-2.217039977822936347e-23
-1.323716289427729644e-24
-1.753892669104713702e-23
3.450449461795005782e-23
-9.777798829929977828e-24
5.415041235069908076e-24
1.037950094098599823e-23
4.801903284407693396e-24
-1.105782045247023416e-23
5.131166117985347673e-24
2.737526157773765645e-23
-8.551748014805941555e-24
1.595852014711745591e-23
8.514009649237277949e-24
1.880064758729090152e-23
-8.122680976880639069e-24
6.983294250146545129e-24
1.775010969824849592e-23
-6.648066747979219776e-24
2.053076789174334460e-23
-7.661052941337830523e-24
7.304463306539469007e-24
1.581547616172487303e-24
2.036223031044011227e-23
3.344470757204314665e-24
-7.772216568554664145e-24
-1.354218467311990318e-23
3.923580614439030901e-24
-5.802598826482739492e-24
-9.916839337463658690e-25
4.356056005274513625e-24
-1.107164489375835850e-23
4.588179359362974309e-24
8.777334206598576937e-25
1.302114311122001535e-23
-7.408837923669694910e-24
2.888888793474575592e-24
-1.084085969657142865e-24
6.255007382213291395e-24
-1.715934222169196314e-23
-1.347204909917687831e-23
1.904649129872868748e-23
1.353008042568124592e-23
2.991734908644484534e-23
-9.079306811769942364e-24
-3.332196461022120997e-24
-5.033081199824766804e-24
-7.776371243004971395e-24
-4.170666190822137215e-24
1.187028587697615857e-23
-6.777334774299843462e-24
-2.053881378501695087e-23
5.667219993431980037e-24
-1.318863071639976987e-23
-1.464895965067172364e-23
-1.027550466706951991e-23
-1.883639844516322999e-23
1.917588535915746102e-23
-2.042921141370603210e-23
-1.378320014374004863e-23
7.603396259234986135e-24
-1.119741350481754530e-23
2.714127604361409355e-23
-2.987567458018218363e-23
9.904505713924125961e-24
1.385124179808073176e-23
8.328021599616600716e-24
6.390816306974905658e-24
1.484417309058958125e-23
-4.287975555990614072e-24
1.437175383718669131e-23
5.538430095082223231e-25
9.286495314721672277e-24
5.594420561722595034e-24
-1.092450558428947098e-23
-2.643864369335426597e-23
1.283442819843623168e-23
3.534973096314093185e-23
-5.121393347686350222e-24
-6.659178996822113981e-24
1.839983881122536105e-24
2.209580636561480543e-24
8.139888202772006273e-25
1.169484033890742580e-23
-2.176459379541189458e-23
-4.289903408862927079e-24
1.169926290635895248e-23
-1.229977619815564585e-23
-8.778616970466582967e-24
9.555946568129058591e-24
-8.525771972057926623e-24
-1.632203719642806922e-23
2.808249386798904310e-23
-1.219788888759596185e-23
-9.058880498055951314e-24
1.083649501919933621e-24
-9.693155408943304901e-24
1.423205838135352574e-23
-2.155060948851876095e-23
-1.945270968128980106e-23
-9.062789150867118059e-24
1.515596201005324982e-23
8.346963010823013703e-24
1.706529264002628810e-23
-2.666354801196919227e-23
-1.022429108649247513e-23
3.111307113274116613e-23
-2.839259173180882358e-24
2.288643355970263250e-23
-2.711812174776950130e-24
1.230428995111913798e-23
4.476277244354037031e-24
2.230109718976046740e-23
-5.601349472290010831e-24
-2.679677586096476834e-23
1.953378192006021815e-24
3.100790568108385901e-23
-7.758041516734432151e-24
-9.536426730925336341e-24
-3.840009483775472416e-23
8.309805764110983194e-24
4.262414984371973285e-24
1.350428813150313125e-23
-1.815228806147421910e-23
-1.964315829703078995e-23
-1.565756175683488440e-23
1.684414208042765188e-23
-1.179863482421974777e-23
-1.487451432525309476e-23
-1.008688599078028544e-23
-2.670534796375414258e-23
1.002038160251338197e-23
1.076081247807719602e-23
-1.646036575336294698e-23
7.615618074740536818e-25
1.006261652844377306e-23
2.106201716638425593e-23
-1.332707164637245151e-23
8.304545826005004700e-24
4.897190531942316771e-24
1.105263573314649114e-23
7.278021124034727115e-24
-8.310435865346442794e-24
3.360110603911626597e-24
5.408597196632016507e-24
2.341976119983213325e-23
-1.153380354029055443e-23
1.557506406489708736e-23
-2.167999358491330409e-23
-1.884841666605386368e-24
1.759046239589761930e-23
-5.479422911499734263e-24
6.228676178558751244e-25
-4.845014032027739492e-24
1.376863949914108478e-23
1.311259155062341104e-23
2.661134216691906225e-23
1.656398530290350860e-24
3.661701915716615812e-24
1.929691900374044085e-23
1.481082558549201766e-23
3.576393606145196391e-23
-2.502617846224138356e-23
4.659464692407210268e-24
1.381949829396109957e-23
1.548204592466769910e-23
1.277385795795521440e-23
-2.309229812274027873e-23
2.520859024137292685e-23
-1.906307794582327633e-23
-4.389766046868898290e-24
-6.472642695124082280e-24
3.656439689973782832e-24
-9.062273046975927294e-24
-1.202929950376907835e-23
1.672393290993984073e-23
-2.098510225536022685e-23
7.786513004035834106e-24
-1.040009962156189203e-23
-1.619045847490905847e-23
-1.421028385871997373e-24
-2.336253843090790886e-23
-3.227960442708822207e-23
6.543857788828194561e-24
-1.023872492657138865e-23
4.123513706464697830e-24
-6.323797828304539868e-24
-6.184518758778121335e-23
3.993894961299298598e-24
-9.610371386983151344e-24
-1.462187408672745253e-23
-2.056212146572878082e-23
-3.689969115017215770e-23
1.943745629030283080e-24
2.447435012047186749e-24
1.757172858191498316e-23
-1.436084527586316717e-23
-1.347675167541625715e-23
1.873210186899180044e-23
8.469064003143463537e-24
1.088131215433229680e-23
8.767049061077564944e-24
-5.428771442739594737e-24
7.785478338355793734e-24
1.922720282005214863e-23
8.290131805644002290e-24
-9.823790510141799303e-24
1.201332671613218962e-23
1.472692892062184236e-23
1.988954655546966121e-23
4.905539109509596510e-24
-4.068345797032469860e-24
-2.236603263056368979e-23
3.028258536999085154e-23
3.001645561887408965e-23
2.140704025809919647e-23
-2.352094108379556659e-23
1.116233793729046086e-23
-6.729309992654672547e-24
7.976074664732845880e-24
1.338083213415853590e-23
3.491930956974362345e-24
-1.992829601875940196e-23
-4.178953035710885654e-25
1.189349130957469124e-23
3.168080314297541305e-24
-2.847990556127988581e-23
5.698801441185531657e-24
1.747453581443165890e-23
5.080251212089586372e-24
-7.918232822924427799e-24
-1.392842766144294186e-23
1.422897738390154908e-23
4.253155855789719886e-24
1.980597574282618904e-23
4.768639359997466325e-24
-2.615042235307331565e-23
1.519816103122520881e-23
1.582737445940753828e-23
1.136385762414750408e-23
2.401753218111712132e-25
-7.000581142923858002e-24
1.110965103761130740e-24
-1.680506278858154244e-24
2.037293815664512171e-23
-5.522165644611307176e-24
-7.910158127797914242e-24
-1.184583498783354506e-23
-1.786161996715993816e-25
-1.228397746771721831e-23
-2.984191069409491710e-23
1.440573771270135637e-24
2.548318427574446490e-24
1.352349343717903305e-23
-8.948253847545636117e-24
-1.561199395343774963e-23
1.738184598301730163e-24
-3.420071322128680396e-24
7.004007673639384049e-24
-5.762608320358354532e-24
-2.379055205016802884e-23
6.511124979711418739e-24
-4.624168290065797878e-25
2.200021470599571143e-23
-1.801774817349460207e-23
-1.615227819564882400e-23
1.092717348795627464e-23
-7.287220010635853778e-25
2.897076752910933935e-23
-1.643258677908534285e-23
-2.124069533920956301e-23
1.907331233712702892e-23
1.677169356347592384e-24
-7.603348233204822200e-24
-1.892739360073922320e-23
-1.165122857307124192e-24
-1.141558133347789191e-23
2.438584618301730124e-23
1.815178079207157002e-23
-1.575521924747294015e-23
1.202865303152189481e-25
9.041375245719358768e-24
2.424654639077329039e-23
1.141997533090639632e-23
-3.540530416220450162e-23
-4.486637113941379084e-24
-1.859977817951369793e-24
7.792344377721562104e-24
1.306547437997082870e-23
-1.249190922124686096e-23
-1.675240415129130042e-23
1.022929168155131300e-23
-5.527256801733936644e-24
4.971838157167458119e-24
-7.608891872102685776e-24
-5.480308944972308530e-24
9.972190044475912170e-24
-3.454602830189376101e-24
-2.260801856824708665e-23
-5.623723219554062138e-24
-1.824974796857816061e-23
-2.097108773699706623e-24
5.757829122848790803e-24
-1.426734799158953321e-23
-1.126531187170574097e-23
1.481006964181778441e-23
-1.241237551248400121e-23
2.667153943667125393e-23
-2.736182727673274974e-23
1.468412382028749492e-23
5.693440657890859554e-24
-1.203459138188086098e-23
2.527936163271390484e-23
-1.780560535548580899e-23
2.680559518595132948e-23
1.328703207783340908e-24
2.351260344952089027e-23
1.317023044360041481e-23
1.342616908430333773e-24
2.637474006550542913e-23
3.775939526737591228e-24
2.651795447308557786e-23
1.130008083693536126e-23
-1.296706030535711747e-23
-1.020085197206911262e-23
3.301940537857912845e-23
-1.864651687075642616e-24
2.948940491460126015e-23
-2.099004203544513658e-23
6.608086240673451357e-24
9.857669075608641407e-24
1.265669999260952346e-23
4.784352900816418271e-24
-9.381124032736612769e-24
-2.575990265144651540e-24
2.146922053454186054e-23
2.479949504288510836e-24
-2.902989071512872651e-23
-2.115768511907783660e-23
-2.285845767499900101e-23
-4.443038786559706526e-24
1.157284811389332335e-23
-2.750598779770522067e-23
-2.280708339169983515e-23
-1.325949477636707232e-23
8.160506982784787438e-24
4.604123697705742696e-24
-3.241906648262102047e-23
3.630283195771741436e-23
-3.359808397816834906e-23
3.635284985595348132e-24
4.345527091861690703e-24
6.024104125814408357e-24
-4.080181137468507118e-23
2.559560659689739664e-23
5.188682397891034280e-24
-2.621842435229488960e-23
9.315554422477145418e-24
-3.803239258924360720e-23
1.221634076642282253e-23
-5.302450574581837324e-24
7.286933969983360014e-24
-3.006508605765743336e-23
-1.503367306495338559e-24
1.962296092765920910e-23
4.104862635778581931e-24
-8.370729387345883918e-24
1.829213490818687291e-24
-2.293326293276144692e-23
-1.932713383032604110e-24
9.233248354931373221e-24
1.240628995914554940e-23
-1.129362658933948220e-23
7.046384035103955148e-24
3.966118597713974496e-23
1.271841231654183309e-23
-1.162762119198031380e-23
1.879680848384048816e-23
1.128387787027465846e-23
5.246613849362222029e-24
9.060599970815751836e-24
9.605596293551076663e-24
-1.242035747328795778e-23
3.047598822878678417e-23
5.884247274373530442e-24
4.933032215012316100e-24
1.734888410515744836e-23
-4.151749685480013307e-24
5.727149721916775097e-24
-1.214355093704162695e-23
1.111033502753819054e-23
-2.155690433992014118e-24
-1.405203764668684019e-23
-1.921959386709911602e-23
2.515795789673841903e-23
-2.837736703014928717e-25
-1.630844792223726935e-23
-4.245485283652539627e-23
-5.343460552775747271e-24
1.044338657351413301e-23
-1.713350580885135548e-24
1.276436505107064896e-23
-2.497993026264321733e-23
1.676050988279584485e-23
3.219883003938413073e-24
-1.662570139490398131e-23
-4.976550318282152465e-24
-1.308939757707469422e-23
9.719561053150338323e-24
1.069447768109687370e-23
-1.399243114274244809e-23
7.234507346304208490e-24
-1.715949481616987232e-23
3.430445186503196234e-23
9.737226924300021465e-24
-4.724856350175191132e-24
5.537792530187499802e-25
-1.056991782059569059e-23
9.136490660612650817e-24
3.389334351852849553e-24
1.756847102197805129e-24
-1.476701636058441137e-23
-4.286217056798826595e-24
7.261154507325973292e-24
-1.442319302975173205e-23
-1.520262917974517093e-23
9.990922379284850439e-24
-4.642635895478059483e-24
2.777793633254173975e-23
1.364468811699134563e-23
-1.697273204725736869e-23
-8.002124929794645494e-24
8.301115640278392555e-24
1.091166478958194441e-23
9.121119177978010530e-24
-2.433351830764939503e-23
7.941802359486206047e-24
7.136752675419692353e-24
2.858659126766476216e-23
2.218991507827801663e-23
9.616216117273787718e-25
-2.140062839796711407e-23
1.903806968814287119e-23
-1.649947442562958838e-23
-9.484284047147715032e-24
-8.940336506796951490e-24
-3.311952047007935377e-24
-3.949145129666548317e-24
6.774219823847789116e-24
-1.603625076201429099e-23
1.350407137484282137e-24
-1.394087770823359240e-23
1.706912784992484337e-23
-2.240655984161226035e-23
1.285648163578083431e-23
-2.788125240799144510e-23
-5.282885849402452501e-24
1.109639716109243683e-23
-1.301927155340290557e-23
-9.356687818126631333e-24
-1.320612517477152599e-23
-4.533642318955103183e-24
3.883429148427544368e-24
1.125553453581849528e-23
-1.874779607144934302e-23
-4.346974368602848360e-24
-1.607029685614524470e-23
6.162171417387565488e-24
2.233636837966944260e-23
-1.736426139740559107e-23
2.554300570700475725e-23
-6.725571961603709996e-24
2.204999620329323318e-23
2.822735752502683898e-24
-2.780443195968037072e-23
1.311249305319844078e-23
7.782906127249116370e-24
1.577089405059454672e-23
1.454424555777666964e-23
-1.553195880776913877e-23
-3.906308753521569551e-24
9.897956997450958688e-24
4.368168603198418805e-23
2.153389122855190078e-24
-1.584209283480684205e-23
-1.290280938961107427e-24
-1.193709998891864258e-23
1.342133621630971688e-23
5.001427790099572853e-24
6.018951004446900314e-24
1.768968411967439561e-23
1.815109206953444705e-23
6.880875590141989628e-24
-1.205402760842150232e-23
4.462217888816215248e-24
1.749127829882303762e-25
8.411145668288311867e-24
1.480589727696687554e-23
-1.850177409404821934e-23
-2.352201740663748480e-23
2.166773504059689177e-23
2.598060221078174124e-24
2.722093493340889139e-23
-1.934965582543642798e-23
-7.687399283000033026e-24
-1.358122061779795416e-23
1.310287464560369625e-23
1.488939797565409460e-24
-3.590216024666596948e-23
8.262067036493654738e-24
-8.683748272701354759e-24
5.873143883910487874e-24
-4.561971187032432837e-24
-1.269271540350887645e-23
-2.655821771533910101e-23
-1.023027562925038755e-23
2.482519458180558920e-23
-1.550177156723297355e-23
-2.559205175983067596e-23
-2.412531414939951445e-23
-9.620520408129136547e-24
1.805317735058676488e-24
7.499561623786523929e-24
-2.205080140253919840e-23
-3.157286702358736790e-24
-1.555391536569855366e-23
9.518136868600386590e-24
1.320626738715868663e-23
-2.658711254124301413e-23
-6.677828988201798069e-24
3.349658203240903236e-24
1.721723963204009457e-23
-1.705048139189413173e-24
-3.950500769109488594e-23
4.181113845463966944e-23
9.649024820261493239e-25
4.506531160288547299e-23
-2.601602636811797250e-23
5.025376586620879755e-24
-2.047771447735276148e-23
1.637257737550550518e-23
8.337842526230862975e-24
3.802221300060153303e-24
1.569880895820319705e-23
1.785553416956843658e-23
2.031811073659232556e-23
1.175448609505378876e-23
2.382472208205759053e-23
-5.865173480693790629e-24
1.915846431750496677e-23
2.992859988140293820e-23
5.110367601952419900e-24
1.355598429349758798e-25
-2.287339007668692796e-23
1.298227034819027000e-23
8.134205695716529152e-24
1.540171207271079086e-23
-8.826437538117657486e-24
-7.830260351449770875e-24
1.454343474642271222e-23
1.069916135446343194e-23
-5.483301755685556907e-24
-1.062093409722608068e-23
-8.047474251249528247e-24
-2.513309646919943173e-23
3.370529929098370751e-24
-2.718719838474956793e-23
-8.558720817762333887e-24
-2.861174325786871697e-23
2.140164957786079847e-23
2.184142103412843768e-24
9.877449818246051990e-24
-1.415334313905958006e-23
2.339077090707817455e-23
-7.571168573707228623e-24
-1.422854131248177294e-23
-2.233999788122541642e-23
-1.355723482504843049e-23
-1.198922083704738724e-23
-4.549707284010106667e-24
-3.650994241240036733e-24
-2.033721316817483911e-23
-1.930088077210670246e-23
7.106848351844722094e-24
2.111663068456977457e-23
-4.319842331049867101e-24
-1.431504827897987354e-23
6.126095890657245117e-24
1.218569757498605371e-24
3.564456391542597325e-23
-8.633764325443767921e-24
-2.133376557751941724e-23
1.513867100445479361e-24
1.803393957967362726e-23
2.853831595714125590e-23
-1.064715230651137507e-23
4.910464466582106548e-24
-1.839395692879129408e-24
-1.198585030631705269e-23
1.635377604769274942e-23
-1.939093574866413531e-25
7.254090211453702855e-24
-1.526598981790473031e-23
7.373358504052876924e-24
1.521730437759704859e-23
-1.371504090760671771e-23
8.857846011365496103e-24
-1.061423543312953316e-24
1.907265974822063520e-23
1.290571138248604099e-23
-3.633593220130700199e-24
1.368343270182562851e-24
-2.264261808327936789e-24
8.301784788734127565e-24
1.212188653915422093e-23
8.106670745667461651e-24
-1.694796333205621266e-23
9.960656040441125095e-24
-9.610034563149140046e-25
1.355716787535171790e-23
-1.248113260970018914e-23
-1.442531438796564360e-23
-8.226479918094779335e-24
1.462718080311259675e-23
-1.420082873424102031e-23
-1.368224526224742446e-23
-2.843235478533099441e-23
1.188598654674888681e-23
-1.185519302248861980e-23
4.520259377502856773e-24
-1.876734355245522028e-23
2.745920250070742129e-24
1.946064103897528926e-24
5.296500385029561960e-24
9.627839006074973157e-24
-3.864545738181701681e-23
-1.891595624856070654e-23
2.023462176127027774e-24
9.068401121023269850e-24
-1.506018642002297016e-23
2.379937161555783432e-23
-1.493488119507055050e-23
-3.658747982475201212e-24
1.308639348849485713e-24
1.747369157230727123e-23
-1.048341845601429495e-23
-1.631562455316603386e-23
3.335783519085138992e-23
1.887009589189939359e-23
4.460337647519380274e-24
-9.809290153459294739e-24
1.141833140386519154e-23
8.812422941295959653e-24
2.263959570643680230e-23
2.995163824348126608e-24
1.094326485735151047e-23
-5.217199619202959812e-24
1.212992446179743121e-23
6.799695147273805210e-25
6.302256764836728532e-24
-9.818548311080421091e-24
-3.182700138154184961e-25
2.330452953276325926e-23
-7.892873659721711996e-24
-7.424394105436998755e-24
1.550337360528779593e-24
-8.243901206348494092e-24
2.041441655657553111e-23
-1.133202085009059838e-23
5.341116674743429010e-24
-2.593143967211818741e-24
-3.619889951316780247e-25
2.789035118638636371e-23
1.407037747952855478e-24
-2.240917405098974974e-23
1.821422017614307424e-23
-9.988320677249522248e-24
1.021421054389865191e-23
-7.597635625119481276e-24
-2.764157017089054459e-23
-1.578773297595763881e-23
1.555969670769592222e-23
1.092115081437874201e-23
-2.813400891889712279e-23
-9.985778929921202840e-24
-2.256441978226648664e-23
9.102458761052223802e-25
-8.289249453755387503e-24
2.017987803462099217e-23
-1.976646705892667444e-23
6.878405027072981629e-24
7.018081029754901375e-24
2.490508933767583858e-23
-1.219914055119424921e-23
-1.252664838083656291e-23
1.516299348583710352e-23
-8.001665581517929419e-24
1.877552037464292262e-23
-1.763507488672341966e-23
-7.424348498279217036e-24
-8.094327496450970876e-24
1.823803587809575552e-23
-1.688089598545498781e-24
-9.650491115375931765e-24
-2.566388132762750205e-23
-1.088039299760914320e-23
1.134148579734461026e-23
1.644372489110846921e-23
-3.461096231181288292e-23
-2.431669580165332908e-23
7.696195787912780871e-24
7.627024217642302206e-24
-1.532623243706456434e-23
-1.407170882257634267e-23
-1.201471567612492652e-23
-9.622342368712116290e-24
2.291866855611379108e-23
-2.007989974579267790e-23
-7.364889836515230032e-24
2.241657657192439533e-24
8.254437029868805911e-24
1.791536150933934819e-23
1.236406600046566197e-23
-2.068746867705089186e-23
2.156055706278587679e-24
1.486704331959865934e-23
1.821439363679544391e-23
1.664301427168589162e-23
-2.210462629536222074e-25
2.309099786018651319e-23
8.460634286616513828e-24
7.221301618390769281e-24
1.001141696108328178e-23
1.832452197959902772e-23
1.000864410204092586e-23
1.929092527317757900e-23
3.072930720183917213e-23
-2.052379720825331788e-23
1.060412442904560456e-23
1.451532440659506124e-23
5.445171135445635938e-24
3.579385656640879455e-23
-6.060239205890147765e-24
-9.582336199604955503e-24
3.206909455993105247e-23
-3.330851326480125031e-24
-8.768438682040051859e-24
1.532512701164232553e-23
-3.126400656152134500e-23
2.219091502058986159e-23
-5.984380934460356131e-24
2.330040449326796525e-23
-2.176291438385886581e-23
-5.874203128739092952e-24
-8.128501798381086381e-24
-2.369105893660944683e-23
-1.097425053741438389e-23
-3.645458128822196423e-23
-2.850443096338913767e-23
1.458678139204403067e-24
-4.033827820600312286e-24
-1.257868671213981916e-23
-3.038060600157384409e-23
-1.056047361721927181e-23
-6.531734469694154659e-24
-4.732497130126642721e-25
3.566587572233604411e-26
-3.468746312466117333e-23
-5.675433284691606503e-24
-1.199189443817715686e-23
1.529507369564232968e-24
-1.002739616020435125e-23
6.627455288059323276e-25
-4.913999288586687433e-24
2.348119845121038737e-23
9.032536039614731721e-24
-3.823079703814102732e-24
-7.770574498691779288e-24
-1.811867141587200727e-23
1.914685486274634020e-23
1.545732002128191518e-23
-4.381230628589355691e-24
7.288162965583175112e-24
1.611981395453405395e-23
3.706598214259131888e-23
-1.106188511115044093e-23
-3.995151080078721161e-24
1.171990778732197110e-23
1.017638165730154443e-23
1.477096290760338464e-23
4.607534000568302935e-24
-1.664525510010776563e-23
-1.359362377726753553e-23
7.616662865256720956e-24
8.561478533899971808e-24
6.112195025990324178e-24
-8.450423872030082287e-24
9.101308370872718257e-24
-3.031958571471221512e-24
1.338982141539684851e-23
-9.923632275230503982e-25
-1.453990334678588591e-23
-1.661910740692105027e-23
1.994251324202611265e-24
1.407169713469001171e-23
-1.100634903217042059e-23
-1.958386954651636068e-23
7.230622118082384268e-25
1.480583958619124519e-23
1.346815760951866552e-23
9.252550107862406013e-24
-2.049683938400563558e-23
2.839294400980015453e-23
-1.332700546335223573e-23
1.862733665964710965e-23
-1.715109483878126401e-23
9.097708332687866838e-24
4.023403630352506550e-24
2.118053770700853229e-23
1.456510929946268101e-23
5.995702281468688135e-24
-2.431968315096297516e-23
4.174422944688377850e-24
7.631402964436727467e-24
1.773464826977677495e-23
-2.189350276868533117e-23
-3.425641536456710034e-23
1.505550559569097921e-23
5.364676178457528749e-24
1.137863235767082271e-23
-1.755434567514238122e-23
1.024292323551482540e-23
9.747490683170705451e-25
1.597231674851539664e-23
-2.402471374609873492e-24
-1.048543466079257958e-23
-6.789455591394178210e-24
-9.097069530445125283e-24
1.670454669505351163e-23
-9.410980354343814903e-24
-1.206316029198034669e-23
2.152848898150647611e-24
9.810045355922330996e-24
-1.310299426953339125e-23
1.092036124959662703e-24
-3.434713688095617196e-23
2.045186584987129509e-23
1.192475228651232680e-24
-1.872986760177899877e-23
-1.176380187371268271e-23
-1.857839282049152809e-23
-7.361093319868885091e-24
1.868799080340346953e-23
-7.026312691229573990e-24
1.624369960636440750e-23
-2.208175997511658273e-23
-1.958810627969809564e-24
1.357026589457704716e-23
2.488330343297210932e-23
3.347227787300494245e-24
-8.272364914345739169e-24
1.650561584421166716e-23
3.658906493602705325e-25
5.891451174196631770e-24
-1.805191255973197384e-23
4.966498402779589943e-24
2.334518553259407426e-23
-1.053514617432236606e-23
9.409841141990611504e-25
-2.925175101619453259e-24
1.090509899537875520e-23
1.051357421002442240e-24
-2.290225797737714788e-25
