4.111047153850572647e-22
-2.055917620828289836e-22
-6.377631748625767628e-22
-6.899280325520129533e-22
-3.908137173740579188e-22
5.038211712259164929e-23
3.839379227984773543e-22
4.592632349887783901e-22
2.867838020653793326e-22
2.806996711197411892e-24
-2.253595293429462440e-22
-2.921632356865094286e-22
-1.961152907230989381e-22
-1.965246522938058115e-23
1.303449622816539095e-22
1.825293775677038859e-22
1.304484321309887840e-22
2.245384108331383853e-23
-7.448130314658719378e-23
-1.130019274010282232e-22
-8.557846849102599904e-23
-2.005837851750055631e-23
4.200702058846205685e-23
6.953525359886575608e-23
5.565783518874265375e-23
1.616937173938769614e-23
-2.331956722319534358e-23
-4.256961453820778535e-23
-3.596134054311329872e-23
-1.230879305122642482e-23
1.268721651008950261e-23
2.593266179126740966e-23
2.310515835586945157e-23
9.028377583405859829e-24
-6.720495940705190097e-24
-1.571788017760545835e-23
-1.476945572076177213e-23
-6.449648745619337043e-24
3.429187629746128142e-24
9.475967675995583000e-24
9.395832911939809644e-24
4.516358263956451860e-24
-1.653556665420462356e-24
-5.680330911991910353e-24
-5.949902497746782112e-24
-3.113023238967991473e-24
7.238680366161818355e-25
3.384044370712474348e-24
3.751015832137641517e-24
2.118202905051168509e-24
-2.575190485574900004e-25
-2.002385745091395138e-24
-2.354464771505542712e-24
-1.425741659991213492e-24
3.878764086193542258e-26
1.175912927038875689e-24
1.471504502712177434e-24
9.507505971147878067e-25
5.200022405742127424e-26
-6.846852433435273657e-25
-9.157192334328180371e-25
-6.288529507314686961e-25
-7.987966621718280612e-26
3.947656221576745752e-25
5.673922790077458095e-25
4.129316405641802272e-25
7.924036904772911412e-26
-2.250001414932060692e-25
-3.500235705093497617e-25
-2.693762759357124738e-25
-6.758394105904761205e-26
1.264788222649616110e-25
2.149605966364791081e-25
1.746764849149078036e-25
5.331395680058657010e-26
-6.989301680186449507e-26
-1.314025768708784136e-25
-1.126408153094400192e-25
-4.008018593414831293e-26
3.778882727599619820e-26
7.993675540298781130e-26
7.225974221370490709e-26
2.915518632165246155e-26
-1.984290513751892531e-26
-4.838111531221183744e-26
-4.612723357045117082e-26
-2.070230093996490816e-26
9.995678153309128081e-27
2.912401690961640280e-26
2.930712961342918146e-26
1.442927456742473028e-26
-4.720817547430350985e-27
-1.742993195041711748e-26
-1.853599097797277645e-26
-9.908451113857045493e-27
1.986442222427181681e-27
1.036541621893852833e-26
1.167177239904622202e-26
6.720995495738089113e-27
-6.353265412206651335e-28
-6.121306046153678911e-27
-7.317623902450590899e-27
-4.511803966808623612e-27
1.755162789379733175e-29
3.586836042661343078e-27
4.568068495942075610e-27
3.001719174844854991e-27
2.256232034947626555e-28
-2.083199955575042838e-27
-2.839390494932613404e-27
-1.981355227349322009e-27
-2.878690008750191921e-28
1.197577406088787227e-27
1.757244443814529315e-27
1.298648057465106207e-27
2.706748208995134081e-28
-6.801895096969407428e-28
-1.082733493935495552e-27
-8.457537830929672716e-28
-2.250108447320964740e-28
3.807265738172469150e-28
6.641148819373736909e-28
5.475791860558014978e-28
1.748304941374992654e-28
-2.092646221216588580e-28
-4.054406364898805753e-28
-3.525991115021737020e-28
-1.301147618442050815e-28
1.123477284270141857e-28
2.463096972551264237e-28
2.258866350896824557e-28
9.396496238542538441e-29
-5.842121188341420433e-29
-1.488632451131656895e-28
-1.440085641257489167e-28
-6.635603663131119379e-29
2.900439454530861983e-29
8.947369668882635946e-29
9.138240111410078285e-29
4.604868498586568520e-29
-1.336991223694334785e-29
-5.345851581033257158e-29
-5.772705445468866206e-29
-3.150902116258507929e-29
5.354931192081051488e-30
3.173330842280993323e-29
3.630660139831841605e-29
2.130922271216271525e-29
-1.461882485166115171e-30
-1.870216426290655255e-29
-2.273580329569835802e-29
-1.426833160164792638e-29
-2.650677163893907011e-31
1.093366068183780129e-29
1.417640306962032780e-29
9.471563263923795734e-30
8.996251403149804449e-31
-6.333514934240932407e-30
-8.801348479924451035e-30
-6.239510105636094585e-30
-1.017301322386419441e-30
3.629805351959979940e-30
5.440513267896083521e-30
4.082260337575731724e-30
9.166909464926529855e-31
-2.054057828663931782e-30
-3.348120735976059356e-30
-2.654245738322016845e-30
-7.455329970414295223e-31
1.144540261634087297e-30
2.051056843126835937e-30
1.715873450229703845e-30
5.715337133584397856e-31
-6.254794866456485403e-31
-1.250529749659130937e-30
-1.103323887327345455e-30
-4.214764282299867092e-31
3.332409131654578703e-31
7.586669656624057159e-31
7.058775429411077294e-31
3.023476512669816954e-31
-1.714291421271905073e-31
-4.578495266975761749e-31
-4.494386223245761526e-31
-2.124164623587129959e-31
8.371814952251860394e-32
2.747573766686298677e-31
2.848445132650377506e-31
1.468053348253480296e-31
-3.749919442895959968e-32
-1.638817641378109945e-31
-1.797224928082695967e-31
-1.001131777443565226e-31
1.409670011872350766e-32
9.709896377370458568e-32
1.129005274195045175e-31
6.751248809694621278e-32
-2.951138911930856443e-33
-5.710608668764018447e-32
-7.061761220334658992e-32
-4.509416223914068057e-32
-1.815348141045180028e-33
3.330630536625280999e-32
4.398065962901465801e-32
2.986960168630324267e-32
