4.788767929990588289e-22
3.313896145048783327e-22
4.500507111381725540e-23
-2.043135385807103378e-22
-2.965512985654329874e-22
-2.174119783007557517e-22
-4.344730891956587631e-23
1.162588677336061340e-22
1.828368917618505857e-22
1.417146439934071856e-22
3.658585458777588049e-23
-6.522149769677248020e-23
-1.122195005535399433e-22
-9.182635695703833186e-23
-2.864616945344235887e-23
3.595115455131520676e-23
6.855615486168961245e-23
5.917361125854968744e-23
2.142946155057229033e-23
-1.937367922335881673e-23
-4.167823516124584061e-23
-3.793546621603244651e-23
-1.553329438205260904e-23
1.012706657378946099e-23
2.520823831887397226e-23
2.420119418614319089e-23
1.100033880628531272e-23
-5.067254757575147722e-24
-1.516355390371389673e-23
-1.536715768466628216e-23
-7.650969870162584516e-24
2.366776709288167078e-24
9.067812011305598008e-24
9.713701066995725734e-24
5.244828163855012280e-24
-9.741126966551767699e-25
-5.387880284436780246e-24
-6.113075471789441531e-24
-3.552497738633664435e-24
2.913816291795480893e-25
3.178763865584418324e-24
3.830453393069518148e-24
2.381852118500350514e-24
1.651660087696376169e-26
-1.860611829966886236e-24
-2.389851196662709921e-24
-1.582948962844346420e-24
-1.340775952133886835e-25
1.079286386566355942e-24
1.484637583309259758e-24
1.043863935994710385e-24
1.605706040770422259e-25
-6.195554874392365923e-25
-9.182932041622437248e-25
-6.835947875267045993e-25
-1.477750647064313290e-25
3.512810953878620440e-25
5.654825170209138523e-25
4.448456856399576963e-25
1.215170963654672624e-25
-1.962072826637241339e-25
-3.466421428708405417e-25
-2.878036665015786547e-25
-9.379505018732573601e-26
1.075539517648361695e-25
2.114926835134182170e-25
1.851974904515975286e-25
6.949353286518311025e-26
-5.753653308821962067e-26
-1.284002121880670748e-25
-1.185673706475032940e-25
-5.002287777515302883e-26
2.976982391366558721e-26
7.754795868106562573e-26
7.554339229148205866e-26
3.523701887869563516e-26
-1.466793426785293198e-26
-4.657521735785381461e-26
-4.790865412287063895e-26
-2.440463769043423113e-26
6.673557109102671707e-27
2.780515717533398868e-26
3.024691947624520868e-26
1.667171650396654810e-26
-2.598706000061799480e-27
-1.649065524091720250e-26
-1.901264044855255715e-26
-1.125938512123039153e-26
6.372801708695910635e-28
9.709219926554849256e-27
1.189939199093026556e-26
7.530171909017132770e-27
2.185162717170941782e-28
-5.669846480345793880e-27
-7.415468412987604992e-27
-4.993455607143361116e-27
-5.204258716237712869e-28
3.280121440758361319e-27
4.601274780535395502e-27
3.286448551945345012e-27
5.631116366706479929e-28
-1.877023738095529796e-27
-2.842637244525030553e-27
-2.148386045974647553e-27
-4.986743067658724017e-28
1.060245903132908975e-27
1.748353352909738189e-27
1.395784928941316368e-27
4.017845858365021799e-28
-5.894459296251821311e-28
-1.070394182307446320e-27
-9.016804038367069599e-28
-3.062015315418788985e-28
3.211942394231870952e-28
6.522087084692261487e-28
5.794016046785347473e-28
2.248875443384802474e-28
-1.704605522098366377e-28
-3.954171919135245701e-28
-3.704508438391397744e-28
-1.608378345327625371e-28
8.720435517803610489e-29
2.384626190105355069e-28
2.357263020673213545e-28
1.127338036904406873e-28
-4.221885000175900069e-29
-1.429936086249675638e-28
-1.493106988222393432e-28
-7.776627630426570753e-29
1.861739568085350217e-29
8.521934175621572183e-29
9.415369344543707258e-29
5.294984419400974886e-29
-6.743535473961422597e-30
-5.044583173103051452e-29
-5.911352889799463075e-29
-3.566022670630602680e-29
1.147396051628793364e-30
2.963800879389317579e-29
3.695403785281743222e-29
2.379160640938554929e-29
1.197703063730086549e-30
-1.726586051300339196e-29
-2.300215031788628368e-29
-1.574328006397546578e-29
-1.938792771030246715e-30
9.960831522165582569e-30
1.425595734350232044e-29
1.034174276366851431e-29
1.948369723531308497e-30
-5.681275509249062017e-30
-8.796686908621177127e-30
-6.748837415954548652e-30
-1.671614421182326061e-30
3.196344409863935573e-30
5.403717322924429267e-30
4.377698849334293575e-30
1.323162714010956311e-30
-1.768220608936227090e-30
-3.304104281222825712e-30
-2.823834866106135468e-30
-9.969452390872343464e-31
9.573573252678753581e-31
2.010564287444905376e-30
1.812025264997479050e-30
7.263509235605346583e-31
-5.036730727172124532e-31
-1.217239173337644275e-30
-1.157026976268458995e-30
-5.163786238211603170e-31
2.544364414792809698e-31
7.329743367361227615e-31
7.353140920742443569e-31
3.602484930073020687e-31
-1.207202873126520628e-31
-4.388152955371984453e-31
-4.651847161929039946e-31
-2.475684287188264877e-31
5.125367498366616019e-32
2.610570128300826040e-31
2.929908292039719088e-31
1.680352497291126151e-31
-1.681520040203576530e-32
-1.542314501594230613e-31
-1.837356525618623583e-31
-1.128636517638057222e-31
9.793288029003399886e-34
9.041555897575519971e-32
1.147259254286886854e-31
7.512433062248736692e-32
5.330361935466800767e-33
-5.254055020365381815e-32
-7.132800625838419542e-32
-4.960850625790108815e-32
-7.020884514508398615e-33
3.022301491311615149e-32
4.415444709478348440e-32
3.252746404552554273e-32
6.668689371892618158e-33
-1.717855604458849995e-32
-2.721281312559588513e-32
-2.119108245388758123e-32
-5.571475490685002566e-33
9.624203397932605265e-33
1.669582997612219106e-32
