-5.924881115063983450e-22
-2.000980474620380993e-22
2.217066384365196434e-22
4.516301203311731144e-22
4.078116462661561990e-22
1.652628678569712437e-22
-1.128944346234545367e-22
-2.771879350440561384e-22
-2.664707912460925082e-22
-1.218382477391332801e-22
5.521384484807187030e-23
1.673387389449988921e-22
1.705434067031703696e-22
8.579456982646262866e-23
-2.519084235122241201e-23
-1.000827228547830627e-22
-1.080471870027255589e-22
-5.899675308667993940e-23
1.000181481478777108e-23
5.941228924140587889e-23
6.801786006487466489e-23
3.996291207973172831e-23
-2.685615418661165909e-24
-3.500792422979275997e-23
-4.260437783583702877e-23
-2.677037241234081570e-23
-5.393722051538467289e-25
2.046128862901305409e-23
2.656537998482980389e-23
1.777145046247631509e-23
1.714800275279611740e-24
-1.184948800503425653e-23
-1.649194797333137966e-23
-1.170620721802481093e-23
-1.924966351754287852e-24
6.789166053951923991e-24
1.019352422906128189e-23
7.657999679470634226e-24
1.729497314811533314e-24
-3.840665414001289285e-24
-6.272537642494588807e-24
-4.978543808291352996e-24
-1.404321131621092892e-24
2.139226416723200434e-24
3.842158783578796127e-24
3.218063555783209079e-24
1.075472970184840772e-24
-1.168492030584574855e-24
-2.342313458816952235e-24
-2.069012020947565054e-24
-7.925456970893318411e-25
6.221384223128436842e-25
1.420865790742622127e-24
1.323556075745951015e-24
5.682390464830488363e-25
-3.197496216144128661e-25
-8.573781962407493777e-25
-8.426327354750665829e-25
-3.990591290765325633e-25
1.559262449837983186e-25
5.144496489147524972e-25
5.339889658528262629e-25
2.757084534745927901e-25
-6.966346775671611760e-26
-3.068054291215104470e-25
-3.368871615509298058e-25
-1.879676154042694703e-25
2.603196025167805316e-26
1.817521887109211728e-25
2.116100665467661215e-25
1.267293536435043369e-25
-5.288197292569642862e-27
-1.068740208587338510e-25
-1.323463787355668091e-25
-8.463072658923124700e-26
-3.553615176926721888e-27
6.232046339915688875e-26
8.241750270910106821e-26
5.604824363842570176e-26
6.486279830256387552e-27
-3.599345624169489797e-26
-5.110343789803221899e-26
-3.684555488367073822e-26
-6.694910137394600878e-27
2.055643865244163497e-26
3.154853914371294343e-26
2.406107758378498700e-26
5.812385538614301409e-27
-1.158381084727242745e-26
-1.938941651578925963e-26
-1.561719531702285722e-26
-4.631859944370066872e-27
6.421015258317283282e-27
1.186166396222642060e-26
1.007972418684095424e-26
3.505198627504271640e-27
-3.485534507650764412e-27
-7.221705710619982656e-27
-6.471587165819882307e-27
-2.561712963755360863e-27
1.840271943901041164e-27
4.374624253081076934e-27
4.134427998791118102e-27
1.825405085504374983e-27
-9.344519427474171608e-28
-2.635804037422631305e-27
-2.628821452194880439e-27
-1.275799620579946110e-27
4.470756818787229882e-28
1.579015347399802793e-27
1.663884049922462354e-27
8.780430444509606849e-28
-1.928623816380990497e-28
-9.400398399450693149e-28
-1.048470666173037596e-27
-5.966984538713187441e-28
6.607177279080248332e-29
5.558057845234654382e-28
6.578053791000573381e-28
4.012031673871245186e-28
-7.170099190517063823e-30
-3.261178033145340342e-28
-4.109283866049524059e-28
-2.672929901951516461e-28
-1.680666794065119476e-29
1.896974350594957706e-28
2.556029380830842838e-28
1.766502968155206023e-28
2.372710472301844575e-29
-1.092475220870645292e-28
-1.583010289445672815e-28
-1.159108813154371302e-28
-2.300715547528089697e-29
6.218185861386229973e-29
9.760912921969518291e-29
7.556399490056257113e-29
1.941461274219525611e-29
-3.489623877008861012e-29
-5.991545922531477286e-29
-4.896912550139115866e-29
-1.522025948661821442e-29
1.924375770812647641e-29
3.660687604415480683e-29
3.155979675631607862e-29
1.139529297981698213e-29
-1.037617084082671872e-29
-2.225734819011531540e-29
-2.023483908022331096e-29
-8.264856868139570709e-30
5.428143900125907633e-30
1.346347954027293784e-29
1.291032081194810260e-29
5.855623547317784485e-30
-2.719257202842538917e-30
-8.099722054028648016e-30
-8.198566578558509179e-30
-4.074159148404048071e-30
1.272574844774469752e-30
4.844293154603354847e-30
5.182889515186012250e-30
2.793694266966383315e-30
-5.258350677141716220e-31
-2.878792030323942062e-30
-3.262037259531122482e-30
-1.892723602842839679e-30
1.592511284341411277e-31
1.698721655400548136e-30
2.044187701456812370e-30
1.269284251623151856e-30
6.473700289807824336e-33
-9.944901517236626583e-31
-1.275506645888952315e-30
-8.437043626825028129e-31
-7.009822010019656954e-32
5.769976400656736460e-31
7.924535151143904325e-31
5.564648476188733205e-31
8.479123340544350374e-32
-3.313033916026735705e-31
-4.902039020372795506e-31
-3.644652526969882226e-31
-7.830826630359268914e-32
1.879014265639655042e-31
3.018961500435198671e-31
2.372055514818534978e-31
6.450968862918034746e-32
-1.049904536642984386e-31
-1.850819729442133352e-31
-1.534848514099474736e-31
-4.984782051740056636e-32
5.757895314093148729e-32
1.129338965756085760e-31
9.877671091276144093e-32
3.696037817745393808e-32
-3.082124686664039875e-32
-6.857144366876843750e-32
-6.324587096020238035e-32
-2.661941282553741992e-32
1.596104223296592075e-32
4.141899269672935060e-32
4.030035315785086017e-32
1.875908037941260654e-32
-7.874656185724821934e-33
-2.487937527033783960e-32
-2.556054351452937959e-32
