3.185275311940412785e-42
3.184181027825316654e-42
3.181648214818964351e-42
3.177322912945523950e-42
3.171336871461397309e-42
3.163619523650353133e-42
3.154194474175723340e-42
3.143076500493595517e-42
3.130316023978758568e-42
3.115913566679678510e-42
3.099865464534929934e-42
3.082177219103939433e-42
3.062899519930328431e-42
3.042073678165480398e-42
3.019718204475764333e-42
2.995829862704122354e-42
2.970435729518190714e-42
2.943591897184195253e-42
2.915350942612900294e-42
2.885731743991420118e-42
2.854743528941549582e-42
2.822424116545843890e-42
2.788841344928879140e-42
2.754049442101547850e-42
2.718072951523625015e-42
2.680928351338780807e-42
2.642666024299929860e-42
2.603359881238212051e-42
2.563066643711300536e-42
2.521813098509287644e-42
2.479623294167001639e-42
2.436557246975794344e-42
2.392692835945736621e-42
2.348087419980461694e-42
2.302767276167209068e-42
2.256764537646256352e-42
2.210144829810697900e-42
2.162988383631220850e-42
2.115350310448037804e-42
2.067256190433157253e-42
2.018742611990096583e-42
1.969880368705881609e-42
1.920748777824908615e-42
1.871397122092811951e-42
1.821850529155336917e-42
1.772147880885624758e-42
1.722363448269817342e-42
1.672570711287257969e-42
1.622814096652182587e-42
1.573114827842768229e-42
1.523514546439029832e-42
1.474084759378484692e-42
1.424895559734693116e-42
1.375980417103310313e-42
1.327359478286450876e-42
1.279071408315066872e-42
1.231187460315732559e-42
1.183767261092461483e-42
1.136837313756871407e-42
1.090409600389662409e-42
1.044524292124529753e-42
9.992462156448222215e-43
9.546257185740015090e-43
9.106778367549954005e-43
8.674100749717764786e-43
8.248600682860443521e-43
7.830855914293209819e-43
7.421250976694306358e-43
7.019840230573309772e-43
6.626631980178845052e-43
6.241972899091724559e-43
5.866363254677910709e-43
5.500058499583595355e-43
5.143000073120432834e-43
4.795154628995850733e-43
4.456819597200213068e-43
4.128407995271067411e-43
3.810043768533633519e-43
3.501563754055279407e-43
3.202895545915347014e-43
2.914287031105533972e-43
2.636046380285086947e-43
2.368181488952527272e-43
2.110430376858854538e-43
1.862680143186545378e-43
1.625131879717478446e-43
1.398001607484123351e-43
1.181163278213880881e-43
9.742889303296457903e-44
7.772220539431370922e-44
5.901320625318160521e-44
4.131219576862095813e-44
2.459717131956462898e-44
8.827175740700836455e-45
-6.013381948125166518e-45
-1.991306757590997027e-44
-3.287037947845488146e-44
-4.491727056640168992e-44
-5.609850686956803186e-44
-6.643102559857177068e-44
-7.590680877526946315e-44
-8.453231761706818845e-44
-9.234863389640036792e-44
-9.940166218556115043e-44
-1.057088601555464581e-43
-1.112642815402638591e-43
-1.160825616128173174e-43
-1.202100289839894708e-43
-1.236944894401864980e-43
-1.265497379965085950e-43
-1.287729193427931775e-43
-1.303856268159878543e-43
-1.314374092276419521e-43
-1.319747568531911448e-43
-1.320083572935942558e-43
-1.315379216457841815e-43
-1.305882134278739390e-43
-1.292131065577107501e-43
-1.274540546696628008e-43
-1.253185654642018434e-43
-1.228065809792085610e-43
-1.199482767842660764e-43
-1.167962481591860623e-43
-1.133869980425833904e-43
-1.097241729868280163e-43
-1.058075271868327485e-43
-1.016703780908255457e-43
-9.736343405205235740e-44
-9.291680940222474061e-44
-8.832889559837656752e-44
-8.359966892809745359e-44
-7.876464763520813016e-44
-7.387043618942932400e-44
-6.894011996313230564e-44
-6.396613775236776730e-44
-5.895034300764926966e-44
-5.392648035845053774e-44
-4.893826428321253775e-44
-4.399963605371340013e-44
-3.909825893052076571e-44
-3.423593002142520627e-44
-2.944675005152073311e-44
-2.476752654190444412e-44
-2.020468834031465758e-44
-1.574112359295933009e-44
-1.137839720458613635e-44
-7.150273704084695031e-45
-3.086415313134421907e-45
8.149748830544058489e-46
4.574638424968458295e-45
8.190428078879421175e-45
1.163103564519668244e-44
1.487269577782207291e-44
1.792622063365936912e-44
2.081439491563001798e-44
2.353447397211313027e-44
2.605740382058854897e-44
2.836650747492495511e-44
3.047975964736301100e-44
3.242150380589083732e-44
3.418836014050262363e-44
3.575290298626660544e-44
3.710613310620791075e-44
3.827152381644190851e-44
3.927505978009288667e-44
4.011075767113689158e-44
4.075395977710396950e-44
4.120256058744183013e-44
4.148543852527064251e-44
4.162699782099753210e-44
4.161956114970898927e-44
4.144163366149638802e-44
4.109665885568629988e-44
4.061742439817233057e-44
4.002652572209069628e-44
3.931383266691880726e-44
3.846042810983249777e-44
3.747550536334752713e-44
3.639415804457158211e-44
3.523566817591761278e-44
3.398783274672514371e-44
3.263311853547908636e-44
3.118774264131083696e-44
2.968535863124438218e-44
2.814307337517441318e-44
2.654447682142405649e-44
2.487626378168129150e-44
2.315670489678988932e-44
2.142150569060318192e-44
1.968053598997092670e-44
1.791649345915085848e-44
1.611729531981127036e-44
1.430620835436080768e-44
1.251464783458806450e-44
1.075016917256657141e-44
8.990823871074288940e-45
7.228420863667940697e-45
5.487027820274297491e-45
3.798053994902794118e-45
2.160317356634205626e-45
5.515244794090176031e-46
-1.033958059031146858e-45
-2.570525527692257366e-45
-4.030566947749526525e-45
-5.421320562543282281e-45
-6.765944869056053087e-45
-8.068002838502060955e-45
-9.299912961367928744e-45
-1.043993845064738131e-44
-1.149937757843234249e-44
-1.250358593535742616e-44
-1.345225900596452599e-44
-1.431780968241394783e-44
-1.508374356454512387e-44
-1.576634589326716179e-44
-1.639093961842671144e-44
-1.695433472014957920e-44
-1.742920010821621363e-44
-1.780429781905503010e-44
-1.810062508718914998e-44
-1.834298526943459258e-44
-1.852426353662900763e-44
-1.861908323762626066e-44
-1.862038498963513578e-44
-1.855423410089157725e-44
-1.844269590157812774e-44
-1.827639992688640468e-44
-1.803055138321329240e-44
-1.770416703377236173e-44
-1.732552667811068457e-44
-1.691448794463758685e-44
-1.645869805918464474e-44
-1.593488760566943617e-44
-1.534734900667736376e-44
-1.472609991245981063e-44
-1.408826829300125992e-44
-1.341774020955647234e-44
-1.269395907564271970e-44
-1.192562974668573959e-44
-1.114394409863343981e-44
-1.036138572861190400e-44
-9.560068088297540693e-45
-8.720853532650648814e-45
-7.857576329643936255e-45
-7.000794475172999458e-45
-6.158859353898222425e-45
-5.310950979396115624e-45
-4.441357621857255354e-45
-3.566770225683188316e-45
-2.716820893573373080e-45
-1.896219931565445268e-45
-1.079931016493944161e-45
-2.569721675812949202e-46
5.537623432313727013e-46
1.323383006806965092e-45
2.054780198641925308e-45
2.771417494743027765e-45
3.483742338411781115e-45
4.168323487432341076e-45
4.800504323851755210e-45
5.387334065519028726e-45
5.954233497451083700e-45
6.507312325451489148e-45
7.021447263511528039e-45
7.476374526243803150e-45
7.882633355069862678e-45
8.266881985556802187e-45
8.631197340233209279e-45
8.949782707607436115e-45
9.205437317828905202e-45
9.414300018735351967e-45
9.602454847322654820e-45
9.767675854386781161e-45
9.883838299041236711e-45
9.938642736288424185e-45
9.951818486951303885e-45
9.948112340312949641e-45
9.921746936494188837e-45
9.846971546747610716e-45
9.715595377228041579e-45
9.550951684645813508e-45
9.376097254790907165e-45
9.181515508751141851e-45
8.941438126169155826e-45
8.653294583756090880e-45
8.342527191289196078e-45
8.029875015611320269e-45
7.701428263251392019e-45
7.333957401330213545e-45
6.928120767405447085e-45
6.512855165309019124e-45
6.103483960376585003e-45
5.684681879267712871e-45
5.233915646706969584e-45
4.756150397886898431e-45
4.282185647953726932e-45
3.822470340691169393e-45
3.359444523907233188e-45
2.871959902754870812e-45
2.370427201913202327e-45
1.883896520086602742e-45
1.420505701082317108e-45
9.580084799816206354e-46
4.799848169753169712e-46
-1.146606207546943401e-48
-4.559767086687871033e-46
-8.815775482593442401e-46
-1.301632669284771938e-45
-1.730987058044154865e-45
-2.152032768705745099e-45
-2.538234479767821063e-45
-2.890840088670333658e-45
-3.235647890663701694e-45
-3.583374903537158242e-45
-3.914686613983238445e-45
-4.203757653177465408e-45
-4.458535447262549642e-45
-4.704027493141711084e-45
-4.948471983508532752e-45
-5.169126154769323884e-45
-5.344855878880504184e-45
-5.486478410880171709e-45
-5.619903113993181273e-45
-5.750091442012598361e-45
-5.851454364023959982e-45
-5.907479674149650172e-45
-5.932507782928758748e-45
-5.952638976583216914e-45
-5.967941584462412021e-45
-5.952476706315231415e-45
-5.893179522478718421e-45
-5.809198910710241405e-45
-5.723751538815391947e-45
-5.634097371282077612e-45
-5.513999966051173177e-45
-5.353484795619191587e-45
-5.176025591553460480e-45
-5.002342093478137881e-45
-4.825985065028339573e-45
-4.620371859706571001e-45
-4.381198966631913329e-45
-4.132096597271327757e-45
-3.894260192255787106e-45
-3.655038757537521157e-45
-3.389468401675099457e-45
-3.097662520543951681e-45
-2.805142076878963655e-45
-2.529741104382687174e-45
-2.254945571294339227e-45
-1.957900970194374643e-45
-1.642184189304022268e-45
-1.335576977416180210e-45
-1.050579566429108768e-45
-7.687253040325020282e-46
-4.684370493863305159e-46
-1.578801217840965280e-46
1.351725843462494144e-46
4.025016420415357431e-46
6.648614084768810387e-46
9.421467515773091954e-46
1.221799947184214337e-45
1.476559432164314647e-45
1.702909364377537591e-45
1.923539416483968063e-45
2.155586572471275713e-45
2.383018372491925653e-45
2.580126321411334308e-45
2.747190354877473679e-45
2.909571862665083049e-45
3.080199938834964921e-45
3.240356645209385023e-45
3.366277523100582499e-45
3.463066446949775163e-45
3.556412585609330265e-45
3.656610551910114231e-45
3.741287581203382660e-45
3.789957249706521932e-45
3.811747678133288640e-45
3.833561187204069911e-45
3.860116203200188495e-45
3.868944524373151870e-45
3.841278404450682261e-45
3.790989160152738703e-45
3.744145344001814401e-45
3.702118907056593530e-45
3.639729097186459143e-45
3.543473422798100635e-45
3.429766113647474843e-45
3.324255103182950876e-45
3.223086362262895043e-45
3.101610706209101979e-45
2.949180163584712552e-45
2.786221955334119035e-45
2.635435326504713942e-45
2.490165436306248076e-45
2.325002947025373833e-45
2.132724720214296910e-45
1.937899231590819157e-45
1.759464500914506200e-45
1.587229766236078312e-45
1.396065248865327241e-45
1.183587982492408539e-45
9.752193059386897453e-46
7.878571166935628716e-46
6.070243378369110909e-46
4.087444097620388236e-46
1.952900068529418517e-46
-7.243327146894803498e-48
-1.855171988474410495e-46
-3.571859629427597328e-46
-5.445364823937350079e-46
-7.413924122246922016e-46
-9.207711208830900227e-46
-1.073781992913944233e-45
-1.220472332922189211e-45
-1.381420490021307117e-45
-1.546240339215497961e-45
-1.688513725956004477e-45
-1.802956316742218374e-45
-1.913046774771752176e-45
-2.035520160716508665e-45
-2.156894745917428933e-45
-2.251749364797975877e-45
-2.319266807352123372e-45
-2.384349860547977401e-45
-2.460792647610888932e-45
-2.532043015763902707e-45
-2.573900417989408073e-45
-2.590508280084872424e-45
-2.607552316075904235e-45
-2.635110828741556585e-45
-2.654139911347330746e-45
-2.642755585604545562e-45
-2.609000639264506209e-45
-2.579387577755988893e-45
-2.560186162205732918e-45
-2.529533647035106466e-45
-2.468638250579145974e-45
-2.390103872167348376e-45
-2.319251066912046440e-45
-2.259042030656200011e-45
-2.185307914083611988e-45
-2.083250474448988393e-45
-1.968623248080681586e-45
-1.865922423697455095e-45
-1.773804003131059117e-45
-1.667371451599820987e-45
-1.534955400112662637e-45
-1.395962444323182196e-45
-1.272664986546104602e-45
-1.160545420090074127e-45
-1.032800482785699247e-45
-8.832903541600900624e-46
-7.328632715537385954e-46
-6.023494086985915934e-46
-4.816537005125904377e-46
-3.466579827007561678e-46
-1.928438850109742060e-46
-4.491432805217450300e-47
8.058924551703013206e-47
1.965867523092993266e-46
3.269391631549554228e-46
4.715934688839415377e-46
6.050207592230332477e-46
7.137295873686272484e-46
8.137022153684545159e-46
9.283539149365595353e-46
1.052248690049927539e-45
1.160494300685017114e-45
1.242554031492841792e-45
1.318080654537354352e-45
1.407460718752096680e-45
1.502611176174568381e-45
1.577465027907869295e-45
1.626409050006904854e-45
1.670893922134799319e-45
1.729774460661402597e-45
1.789909033593790481e-45
1.827136269465312052e-45
1.839193827305610598e-45
1.850230735403670754e-45
1.875219283642465335e-45
1.898348738664198392e-45
1.896740200876667236e-45
1.872212151362096484e-45
1.850061732695180376e-45
1.841946838284959841e-45
1.829541183195634532e-45
1.790526166439439363e-45
1.733145971117305906e-45
1.681126483832692549e-45
1.643798359363550055e-45
1.599337605704118306e-45
1.529187913296609462e-45
1.444061607782739187e-45
1.369099478746719216e-45
1.308326481380261705e-45
1.238603108506190696e-45
1.144726295578528864e-45
1.040140325472519444e-45
9.502942838796086289e-46
8.739123664283308208e-46
7.878348820184173988e-46
6.786870062931528088e-46
5.651511012529188465e-46
4.685496392011328844e-46
3.863434272395861015e-46
2.918814062315358029e-46
1.784445980849854000e-46
6.467858252843310995e-47
-2.803685720042528698e-47
-1.084704624670714467e-46
-2.005939277791240552e-46
-3.099373651651118737e-46
-4.140835690817012497e-46
-4.945769091677832385e-46
-5.642437231708067101e-46
-6.465723195727570047e-46
-7.428205235957763583e-46
-8.288574645942650150e-46
-8.902005857066977282e-46
-9.424415186572221458e-46
-1.008195228841759558e-45
-1.084352761776205996e-45
-1.146286180999874489e-45
-1.183266773280521954e-45
-1.213123152589778782e-45
-1.257628785167408031e-45
-1.309001896448976902e-45
-1.343073475414185154e-45
-1.352497485529216709e-45
-1.357857260320170703e-45
-1.378605550255386242e-45
-1.403288784599178580e-45
-1.407942392071173163e-45
-1.389288162099716818e-45
-1.370536808543034777e-45
-1.367436611492939559e-45
-1.365441018896636474e-45
-1.341949350380624362e-45
-1.297474753652366174e-45
-1.256775262690669379e-45
-1.232156252802588457e-45
-1.206450459106881449e-45
-1.157866291612354558e-45
-1.092338207655099568e-45
-1.034074696009430877e-45
-9.921712425552847242e-46
-9.469558804016739588e-46
-8.791544100358181308e-46
-7.981406071546448148e-46
-7.280499515830010385e-46
-6.747908014525810769e-46
-6.159666101170168312e-46
-5.355785138668536141e-46
-4.459027120319517333e-46
-3.713746298001999742e-46
-3.130851444626738155e-46
-2.472402091824362848e-46
-1.612505038954965616e-46
-7.098171997210914236e-47
1.161316284777205994e-48
5.804436492174850858e-47
1.235921884431571503e-46
2.080806584464619427e-46
2.918131807242966652e-46
3.549830742135775123e-46
4.040840504275467172e-46
4.635090921262928930e-46
5.391431072042924718e-46
6.104783915810935478e-46
6.584867035063691897e-46
6.950004840930260427e-46
7.427786237565497949e-46
8.047800152924093084e-46
8.582370939243553926e-46
8.870303341595808714e-46
9.072172155341440241e-46
9.395646845658466677e-46
9.839756944790491647e-46
1.015695016044196579e-45
1.023891124970362675e-45
1.024813093500267129e-45
1.040792581316294415e-45
1.065103883401249664e-45
1.074282487523169582e-45
1.060349815624500336e-45
1.042822156973684763e-45
1.041147359744313800e-45
1.045679637977434146e-45
1.032693091931809744e-45
9.982833438207399374e-46
9.637120355170478834e-46
9.465952758694547583e-46
9.326651104203357239e-46
8.997042473141869613e-46
8.481333639500327284e-46
7.999742071416080430e-46
7.699277129335449410e-46
7.410004628288079388e-46
6.919759143097140261e-46
6.275190782223315207e-46
5.705337456143001479e-46
5.317980715750314086e-46
4.917355483782920661e-46
4.320561247653034377e-46
3.595903673654690956e-46
2.992116442634782712e-46
2.562355872941634237e-46
2.109721337785411651e-46
1.450064844605857005e-46
7.155408154776341751e-47
1.245310787029751295e-47
-2.881187561710352375e-47
-7.545406119093576697e-47
-1.406318562524685600e-46
-2.107673257729198969e-46
-2.623178390600963210e-46
-2.976538503347310662e-46
-3.400509245940624328e-46
-4.005447351980645550e-46
-4.604902978085970879e-46
-5.008599137492588065e-46
-5.259954515088684515e-46
-5.606996852002549789e-46
-6.108856302181309003e-46
-6.582292633380686964e-46
-6.828363506732117828e-46
-6.954550338341883262e-46
-7.186243252368463983e-46
-7.566466583251646343e-46
-7.867181531897191481e-46
-7.946604935488901524e-46
-7.924318455998256632e-46
-8.031998911735462583e-46
-8.262846426792122875e-46
-8.387375986697811470e-46
-8.286865762667973995e-46
-8.119350986276797023e-46
-8.098089569025243982e-46
-8.177724501485166704e-46
-8.127536324026732127e-46
-7.858470563597915878e-46
-7.556965763243576150e-46
-7.416118567822237339e-46
-7.355732752580062600e-46
-7.145448803947159674e-46
-6.728720231223542364e-46
-6.321029653717075596e-46
-6.082071597543811466e-46
-5.906388075637988271e-46
-5.561775842363048281e-46
-5.034161788877388139e-46
-4.555027440986770980e-46
-4.251939461140406623e-46
-3.988801543851729973e-46
-3.545615677502021054e-46
-2.953246445177201486e-46
-2.441336821244483215e-46
-2.111276088614112446e-46
-1.801783415960765328e-46
-1.300444970204174778e-46
-6.892393894807068247e-47
-1.889637628616254374e-47
1.222546630049888726e-47
4.476394378910219134e-47
9.549613173662573423e-47
1.546612725153259024e-46
1.985787652761494508e-46
2.250471909918645740e-46
2.546378378704281667e-46
3.021766391370962224e-46
3.546299035439932484e-46
3.892962926209694590e-46
4.075543516126264923e-46
4.311211913026609530e-46
4.723073972258438092e-46
5.142843659814863717e-46
5.365881296874553879e-46
5.444640388430904923e-46
5.600944325207941798e-46
5.916749352868164751e-46
6.210024128006153634e-46
6.294255765960018534e-46
6.250393904140755261e-46
6.314631161680015546e-46
6.520399366259026706e-46
6.674009092270069839e-46
6.607973724191157468e-46
6.448173150036328258e-46
6.408411245607390577e-46
6.504335876197803964e-46
6.511735310348003608e-46
6.309512611151825832e-46
6.034519666707827404e-46
5.911241304116934570e-46
5.893784884998003712e-46
5.775134849258268127e-46
5.444252598937857071e-46
5.084323756655710610e-46
4.886434119966330252e-46
4.780559469488906808e-46
4.546922440131712573e-46
4.117702433762573930e-46
3.699484987178316729e-46
3.450610972672715136e-46
3.280132559291858152e-46
2.958400269365075844e-46
2.469229754506741584e-46
2.021266468801912092e-46
1.758836140994113239e-46
1.545590005807770407e-46
1.174410666297750592e-46
6.605755756976012883e-47
2.194021597480001999e-47
-2.772798376985293519e-48
-2.510376740058676983e-47
-6.387556591912558178e-47
-1.142008034444704779e-46
-1.536492753545968894e-46
-1.739767938299951087e-46
-1.944916431401930302e-46
-2.313352865192173273e-46
-2.772104074010439572e-46
-3.085968572112896998e-46
-3.222912904429996119e-46
-3.377721503735798651e-46
-3.707169797148557068e-46
-4.084821021749987318e-46
-4.299440254952571640e-46
-4.347774164605093991e-46
-4.438764506644369518e-46
-4.698349192739146605e-46
-4.980709658656002691e-46
-5.075822933280351921e-46
-5.021958542184929174e-46
-5.044226199359814563e-46
-5.221686343607771362e-46
-5.387987835946221176e-46
-5.363405039462517231e-46
-5.208924395974266470e-46
-5.150048047374723575e-46
-5.244898971884962212e-46
-5.298465144988489085e-46
-5.150587033944202297e-46
-4.903870188102003333e-46
-4.776589294479171484e-46
-4.789918909609926182e-46
-4.734108311373124715e-46
-4.477787601561996845e-46
-4.156008523789871893e-46
-3.972065440558082697e-46
-3.917947421521554143e-46
-3.767200901982610352e-46
-3.423733585816645396e-46
-3.049760653190112442e-46
-2.831825985914672021e-46
-2.721984709634233061e-46
-2.501530344883519334e-46
-2.097901562638375059e-46
-1.698276396070347145e-46
-1.469188481767492755e-46
-1.331147408301409140e-46
-1.062909696191688847e-46
-6.269030506719543483e-47
-2.355608365615787450e-47
-2.332829153048429498e-48
1.246653594070225922e-47
4.119393887716412197e-47
8.454890792333631193e-47
1.200293695961082806e-46
1.375206550722766152e-46
1.503985214313963824e-46
1.786714576331178111e-46
2.187459667041324163e-46
2.478943383117730064e-46
2.592385672662235707e-46
2.685955125204197818e-46
2.941461756402339560e-46
3.281483033070021588e-46
3.494660047377779943e-46
3.526673814679532086e-46
3.568966027824369877e-46
3.776846977284074656e-46
4.042001308913339143e-46
4.156242224784712161e-46
4.101331328316796680e-46
4.084271822572988580e-46
4.233808482967551657e-46
4.411778488467195860e-46
4.417298971252312029e-46
4.277377551860101962e-46
4.199243323843054658e-46
4.285058798358508115e-46
4.368141133183908816e-46
4.271363651082965057e-46
4.049034857096083131e-46
3.916480336103841523e-46
3.940299612532218272e-46
3.932636454933483049e-46
3.744313947861414313e-46
3.449341405531484274e-46
3.275227026249997757e-46
3.246152465812912248e-46
3.161854085286495675e-46
2.894078718562208460e-46
2.552207893100378283e-46
2.352581023943175990e-46
2.284991408952808043e-46
2.135385910598502088e-46
1.809738367403426390e-46
1.447748294482551482e-46
1.239741057167266321e-46
1.148373852781384731e-46
9.609824013949693403e-47
6.009950084483706064e-47
2.355974124384365881e-47
4.951764967034747126e-48
-4.594817742990710404e-48
-2.527018757135248156e-47
-6.202955504962576419e-47
-9.558782831226390581e-47
-1.106033447138138757e-46
-1.185869933882971296e-46
-1.395080012787519124e-46
-1.740082112434140401e-46
-2.026397861897364264e-46
-2.122518618931258757e-46
-2.171669663880095850e-46
-2.361655919965259148e-46
-2.668507573506226907e-46
-2.878963120517605063e-46
-2.911119461541809367e-46
-2.914277367787149423e-46
-3.071631629158216182e-46
-3.318646733215398794e-46
-3.448235466151450794e-46
-3.401238920842919688e-46
-3.355369136557620776e-46
-3.470370112891924219e-46
-3.647642597561661835e-46
-3.689648480706314601e-46
-3.560691232364709387e-46
-3.467910886342525850e-46
-3.532098017321805943e-46
-3.638912434843665364e-46
-3.585795413983461492e-46
-3.386903348007998850e-46
-3.249408700127952628e-46
-3.266198586859174720e-46
-3.301652335448512259e-46
-3.164406573452914946e-46
-2.907424580682965837e-46
-2.731003541393819064e-46
-2.709777253809117013e-46
-2.681647238478124825e-46
-2.469109249897256596e-46
-2.169418800928818900e-46
-1.970740975402034387e-46
-1.924685669509885054e-46
-1.839519359218097132e-46
-1.578471880969214973e-46
-1.250037248630459650e-46
-1.051280884639836478e-46
-9.899092843151973578e-47
-8.708990845908964030e-47
-5.726341696990859958e-47
-2.452891228169544180e-47
-5.888907738627681754e-48
2.161292177509891815e-50
1.417649014059090066e-47
4.506042891502031493e-47
7.598430680603937674e-47
9.105236070045045496e-47
9.528226014114755826e-47
1.096643520755950185e-46
1.397651932995445648e-46
1.667865877903730778e-46
1.765875125568235980e-46
1.781748396228003232e-46
1.911910244109594209e-46
2.185136597625471907e-46
2.399172307790627989e-46
2.433314379389598445e-46
2.414425869071606334e-46
2.520463905942190985e-46
2.748642178374294812e-46
2.891225806160029298e-46
2.862596061029653149e-46
2.792674785025628771e-46
2.871201449528732886e-46
3.044444496430180031e-46
3.113519766921361567e-46
3.003108412349707320e-46
2.898878073851177531e-46
2.936968333024837989e-46
3.055329476590909174e-46
3.044284150036315905e-46
2.871551861802666981e-46
2.723900787005560611e-46
2.731458985672218415e-46
2.792798146936430636e-46
2.703678557347898315e-46
2.478426997624926172e-46
2.296844559658567393e-46
2.280655622507903218e-46
2.286422583423408442e-46
2.135577832280997455e-46
1.861289999294100968e-46
1.669259184430484554e-46
1.629814694666432232e-46
1.591879943428234981e-46
1.391294099927096105e-46
1.093799888988723491e-46
8.973124131802089632e-47
8.539727467310054942e-47
7.851278924587210226e-47
5.475764410646456925e-47
2.441803043403207123e-47
6.350188740346583560e-48
2.459926729473151299e-48
-6.422235215655086906e-48
-3.149209103285867234e-47
-6.072874041413873377e-47
-7.546364798947012111e-47
-7.794089122823584548e-47
-8.699045728904176563e-47
-1.123569543563290244e-46
-1.379564778854029134e-46
-1.485665475483662822e-46
-1.479322425738001805e-46
-1.563754188292615264e-46
-1.795851029267393490e-46
-2.010379972818846983e-46
-2.058483482148334025e-46
-2.017186660079527168e-46
-2.086980213821443647e-46
-2.288239271231149146e-46
-2.445119623451529781e-46
-2.427506006716422945e-46
-2.349517472184595203e-46
-2.394379415217354214e-46
-2.553174721318896459e-46
-2.648096562108058935e-46
-2.566464414564940547e-46
-2.446803058190575642e-46
-2.465608233197864002e-46
-2.581129410800751807e-46
-2.609105798101440039e-46
-2.463305342843465514e-46
-2.311929820437428550e-46
-2.301749871188356262e-46
-2.378342185168971270e-46
-2.332855675587187147e-46
-2.138175794042345333e-46
-1.957445698414842308e-46
-1.932921535696215130e-46
-1.962031091082247740e-46
-1.864741283830560764e-46
-1.625759549277298762e-46
-1.430178651380735894e-46
-1.394593762574367041e-46
-1.388806652709600410e-46
-1.244638193975156650e-46
-9.746857914073791499e-47
-7.852309731039218671e-47
-7.418352864983709818e-47
-7.121058939248883066e-47
-5.354536867105516746e-47
-2.541545656208363681e-47
-7.744969651906584754e-48
-4.192436242771659579e-48
-6.357030311464572537e-50
1.989792611467143200e-47
4.701884707557933443e-47
6.230031070125863880e-47
6.372184308836281575e-47
6.866189986634807411e-47
8.869872899402703527e-47
1.136508430169729287e-46
1.250297839335008623e-46
1.233546302037593369e-46
1.277531414900033188e-46
1.469175240914252634e-46
1.682426770231315668e-46
1.743415806792854958e-46
1.694817336009712887e-46
1.725793673814443727e-46
1.898297536806764031e-46
2.061590279193208376e-46
2.068365782642553067e-46
1.980972808798039327e-46
1.994157514085423318e-46
2.138153827940661383e-46
2.247712111196307218e-46
2.192625213521755038e-46
2.068023379523947630e-46
2.061278881135251046e-46
2.172390340226018090e-46
2.225904333446219924e-46
2.112046789984567955e-46
1.955315941544783158e-46
1.931155656777523816e-46
2.006757094926075088e-46
2.004549510675547345e-46
1.838996935551323394e-46
1.658242489128430468e-46
1.620265306254985299e-46
1.667274522699017083e-46
1.608611793362622752e-46
1.405013985241185217e-46
1.210396931094500222e-46
1.162989698211461958e-46
1.184171759472383883e-46
1.085278156942336671e-46
8.489939022458284865e-47
6.542973107774548147e-47
6.079844452903238011e-47
6.092687679825229864e-47
4.778424023543769336e-47
2.287119875286777511e-47
4.425593013315835371e-48
9.218686100590229070e-49
7.077197546371037723e-50
